1,-40.53137132027023
2,-52.80736251643078
3,-53.608764099899126
4,-54.23194143001253
5,-54.26006480604041
6,-54.37744933206982
7,-54.50997309937945
8,-54.360315470913704
9,-54.609100357655976
10,-54.56558554703023
11,-54.56413810483871
12,-54.71125061094819
13,-54.840259958455526
14,-54.945850898093845
15,-54.90799502077224
16,-54.842919948708555
17,-55.163357910484216
18,-55.18221438602919
19,-55.16510578860597
20,-55.17413903645356
21,-55.19897149484221
22,-55.303763810047
23,-55.24758896417018
24,-55.31417856924861
25,-55.267972135750476
26,-55.38774101531515
27,-55.32084019769358
28,-55.27318628348282
29,-55.48405561657209
30,-55.31752623711026
31,-55.45599713405897
32,-55.468188816732216
33,-55.41839309125278
34,-55.52549620415257
35,-55.49955029116742
36,-55.48686977991831
37,-55.408964823507894
38,-55.50355880021947
39,-55.53948972748887
40,-55.58415381332683
41,-55.454553065822324
42,-55.538935486817266
43,-55.47257656944529
44,-55.60881842537904
45,-55.46334028496621
46,-55.53645294332502
47,-55.594326413830885
48,-55.608449503865586
49,-55.62124855420954
50,-55.633583429719366
51,-55.20746744355869
52,-55.5969657092436
53,-55.66618618024707
54,-55.559734984482446
55,-55.64070772226617
56,-55.57177777439859
57,-55.51581080259116
58,-55.560528876858974
59,-55.687159757914905
60,-55.4870974118792
61,-55.641242894920815
62,-55.4427110246512
63,-55.56722088817289
64,-55.66451867837928
65,-55.672030304872486
66,-55.657221074693965
67,-55.62425579417393
68,-55.522022417302026
69,-55.60195240120288
70,-55.64698065064852
71,-55.68098396988281
72,-55.73340822150708
73,-55.68679412836238
74,-55.65491984941405
75,-55.562412714797496
76,-55.67329407479359
77,-55.754943995871784
78,-55.745613768819815
79,-55.662093249150075
80,-55.56207503642545
81,-55.68109791249469
82,-55.67513577887008
83,-55.64758935615025
84,-55.68892226470053
85,-55.74060167485891
86,-55.623654120287526
87,-55.73143823359922
88,-55.43095826635528
89,-55.7140365775985
90,-55.709392344787844
91,-55.671067986178464
92,-55.75971447623667
93,-55.74239967264791
94,-55.70924769641125
95,-55.744248605722596
96,-55.71714114723796
97,-55.760586800399984
98,-55.604811217841885
99,-55.66402533256568
100,-55.692622950819676
101,-55.65470042104626
102,-55.76760670039076
103,-55.76462302729228
104,-55.746584678762915
105,-55.688569654378576
106,-55.6584057597965
107,-55.70926200714675
108,-55.75235449094543
109,-55.64637968626976
110,-55.72935467264248
111,-55.75200508459187
112,-55.6818725220181
113,-55.7774583093732
114,-55.79430101994492
115,-55.8256408704337
116,-55.64521435919158
117,-55.627567923272416
118,-55.78451379644197
119,-55.82006383879947
120,-55.81650127072492
121,-55.7542305598403
122,-55.79834709493996
123,-55.796237486011556
124,-55.67427335692466
125,-55.81898950488461
126,-55.596084656084656
127,-55.653057445200304
128,-55.75812547241119
129,-55.76767951625094
130,-55.823998488284204
131,-55.72827991420717
132,-55.807853517808056
133,-55.755792526357126
134,-55.77985378968673
135,-55.64778116786998
136,-55.80267924528302
137,-55.63895849056604
138,-55.77849056603774
139,-55.84202264150943
140,-55.82567547169811
141,-55.69218174684614
142,-55.358823263113415
143,-55.74630666384982
144,-55.65429015512766
145,-55.768779803223275
146,-55.818894252526775
147,-55.78953839191431
148,-55.81866043143762
149,-55.81832478503545
150,-55.77779076783828
151,-55.77192532722118
152,-55.75731346884613
153,-55.845161801073644
154,-55.110207189818446
155,-55.44859460763617
156,-55.72874393222179
157,-55.82264751108029
158,-55.822692736756416
159,-55.83505065275726
160,-55.736262700877376
161,-55.64614665903132
162,-55.80144820519003
163,-55.79947406492058
164,-55.794629132885255
165,-55.85048901413545
166,-55.81847112168961
167,-55.75744554246633
168,-55.75968636076045
169,-55.825686933204786
170,-55.84626480069898
171,-55.75437718294592
172,-55.849399313501145
173,-55.74418884740455
174,-55.82928610140913
175,-55.836783391545225
176,-55.77594147927391
177,-55.819914807790724
178,-55.808381498539994
179,-55.73159186008007
180,-55.819079442487734
181,-55.81116837195305
182,-55.81306048751129
183,-55.8659155883238
184,-55.856312067408965
185,-55.55871200722239
186,-55.725200739805125
187,-55.82586761698544
188,-55.771164140502826
189,-55.849407554432815
190,-55.842287681943944
191,-55.827224009380075
192,-55.7978398773375
193,-55.841384312428595
194,-55.60362801394985
195,-55.786580782875355
196,-55.76532398641541
197,-55.85195954677967
198,-55.861084813512456
199,-55.85917635921017
200,-55.87374898566405
201,-55.84500916438809
202,-55.84019410474445
203,-55.7641522189838
204,-55.8145788888555
205,-55.86338676722454
206,-55.81675598991173
207,-55.81327688704738
208,-55.854815949078244
209,-55.833663604155404
210,-55.847823965651834
211,-55.85573055797341
212,-55.87139073145841
213,-55.78618272953747
214,-55.74765134916109
215,-55.87671459014917
216,-55.81581730624981
217,-55.701116145098865
218,-55.83201566203606
219,-55.844999849980496
220,-55.85405727744607
221,-55.74654308767509
222,-55.81098713218753
223,-55.84931311677015
224,-55.862968295389784
225,-55.87023081076217
226,-55.82934205792409
227,-55.87281885231157
228,-55.82715341488277
229,-55.86277507945074
230,-55.864862535228156
231,-55.82946409849325
232,-55.876059671090076
233,-55.874666746547646
234,-55.86380792618998
235,-55.85546910103945
236,-55.6756623259991
237,-55.8162251160006
238,-55.84091453375243
239,-55.849917676994465
240,-55.8356383774884
241,-55.843991262194024
242,-55.871618588784486
243,-55.87424815967443
244,-55.882361302292175
245,-55.87080315997367
246,-55.829377542474276
247,-55.831359176836564
248,-55.808256311318495
249,-55.87445411581718
250,-55.90553586384303
251,-55.84689079273945
252,-55.87527286863431
253,-55.89156275231004
254,-55.83825244460393
255,-55.8604033970276
256,-55.630909688601996
257,-55.788035682266454
258,-55.849168459745385
259,-55.86091686091686
260,-55.85731202558126
261,-55.85619287293148
262,-55.872737320031064
263,-55.892780333353244
264,-55.87003031841807
265,-55.902562877113326
266,-55.87780680800239
267,-55.73825768886235
268,-55.884189310241865
269,-55.888257688862346
270,-55.86627351448193
271,-55.67984903183459
272,-55.85054599158636
273,-55.85854939284542
274,-55.88429752066116
275,-55.873929647641496
276,-55.8753206562267
277,-55.8591461595824
278,-55.853448918717376
279,-55.84576435495899
280,-55.864250559284116
281,-55.81311881188119
282,-55.860558570917334
283,-55.910741977812236
284,-55.84765298819038
285,-55.888912083979484
286,-55.67680173467259
287,-55.85641635122649
288,-55.89928765163482
289,-55.904227891866114
290,-55.89666850466454
291,-55.87607983318439
292,-55.79353589514447
293,-55.88725052129878
294,-55.896812630324696
295,-55.87065832588621
296,-55.82840276330286
297,-55.84096864485007
298,-55.89467141113063
299,-55.90145311615996
300,-55.895709882976504
301,-55.870415302173264
302,-55.901603899970226
303,-55.80507591545103
304,-55.86609854123251
305,-55.892877344447754
306,-55.650383939998214
307,-55.83065716241555
308,-55.891804815619516
309,-55.906939194618886
310,-55.87542784011429
311,-55.90174799166915
312,-55.920466379053856
313,-55.91441535257364
314,-55.88057869681642
315,-55.90375260339185
316,-55.88485159409945
317,-55.894580507970495
318,-55.88704496788009
319,-55.68978259576493
320,-55.896141892695695
321,-55.88478002378121
322,-55.901018133174794
323,-55.90445897740785
324,-55.89748067776456
325,-55.85978002378121
326,-55.72395152667221
327,-55.910928032553166
328,-55.76507366044909
329,-55.89305126529642
330,-55.91680156231436
331,-55.893393159348
332,-55.9002219352157
333,-55.877375226388764
334,-55.913460111041836
335,-55.91196074938392
336,-55.05286778232746
337,-55.62905391371432
338,-55.66105127292149
339,-55.74005993709572
340,-55.76697599548988
341,-55.76796837921215
342,-55.80381985643094
343,-55.834910417655436
344,-55.87330179164689
345,-55.837891551969626
346,-55.86154479138867
347,-55.87222370488984
348,-55.87842866886101
349,-55.887621208077576
350,-55.88696142098864
351,-55.867572533562516
352,-55.64231099783659
353,-55.79951026879649
354,-55.86535725928341
355,-55.82302255282577
356,-55.878979241316
357,-55.89478145636531
358,-55.88389129082886
359,-55.89653602416418
360,-55.89184977346087
361,-55.85390211052896
362,-55.87899239262351
363,-55.666296658082466
364,-55.85753929491164
365,-55.87646153390759
366,-55.89136755045274
367,-55.9092220512517
368,-55.911818666035394
369,-55.88531248150559
370,-55.91030582351897
371,-55.72337302174235
372,-55.818077947049254
373,-55.75510279544446
374,-55.68708031356308
375,-55.81853276142582
376,-55.88185002364625
377,-55.88414814376921
378,-55.89138611373847
379,-55.92538129581461
380,-55.917097718136674
381,-55.86651647215246
382,-55.87788447333432
383,-55.91123134879598
384,-55.864595952134735
385,-55.869629930565814
386,-55.88394729845499
387,-55.91048639626599
388,-55.89258441404981
389,-55.91291616200407
390,-55.932483530767186
391,-55.78404157930485
392,-55.876181230251305
393,-55.90374449989664
394,-55.917852818710685
395,-55.92838053332546
396,-55.904431948994954
397,-55.930495292068834
398,-55.92470261814103
399,-55.89210130169131
400,-55.8888987278255
401,-55.80102838762984
402,-55.86478251888574
403,-55.90073182247403
404,-55.90574097025496
405,-55.92245042492918
406,-55.899985250737465
407,-55.91413716814159
408,-55.92274336283186
409,-55.931143067846605
410,-55.911367994100296
411,-55.75364199351224
412,-55.89282291359481
413,-55.87994323208493
414,-55.91727366558537
415,-55.922847242701266
416,-55.70759546820673
417,-55.90276386351582
418,-55.913474571277035
419,-55.92502872885851
420,-55.9306050739584
421,-55.902492711799525
422,-55.8991725315822
423,-55.91949851291263
424,-55.92605053152331
425,-55.92526649783562
426,-55.884703700432745
427,-55.91079366481203
428,-55.92205025170008
429,-55.929715328682036
430,-55.90479922870853
431,-55.45411210828306
432,-55.77190672355451
433,-55.818397822568784
434,-55.891135795203766
435,-55.90925776077681
436,-55.825162509559384
437,-55.900166921583626
438,-55.90956085652097
439,-55.92338887581622
440,-55.87193364315548
441,-55.908044456205346
442,-55.92049631001735
443,-55.9299123812884
444,-55.92676634030167
445,-55.935248890064976
446,-55.83559167597437
447,-55.73276850273353
448,-55.89502013403092
449,-55.9214184939157
450,-55.93836341190994
451,-55.8930429033206
452,-55.91558183955333
453,-55.3792389068469
454,-55.71722009991184
455,-55.86321627975316
456,-55.85905005287275
457,-55.91423598872048
458,-55.92247532604864
459,-55.91427270591
460,-55.90490982258254
461,-55.88886523156442
462,-55.902869959766235
463,-55.91511629614402
464,-55.940699245249775
465,-55.92857037972453
466,-55.89697894953172
467,-55.809987962772674
468,-55.91333196324242
469,-55.919225800769205
470,-55.91555591438889
471,-55.88897037254327
472,-55.928996773247285
473,-55.93749266647111
474,-55.94402684071575
475,-55.93707465532414
476,-55.92006977221424
477,-55.91743132713788
478,-55.918970420099086
479,-55.924181349124915
480,-55.92761132772419
481,-55.85348060471112
482,-55.86356278565569
483,-55.89815275987343
484,-55.925865024024375
485,-55.93822512598148
486,-55.90731357272568
487,-55.838589567102105
488,-55.941186808037024
489,-55.93414635932283
490,-55.941457735340634
491,-55.926367256118986
492,-55.893620447359176
493,-55.92168286684623
494,-55.882286421126594
495,-55.92167554748799
496,-55.91827626573017
497,-55.90923690371671
498,-55.94096429616623
499,-55.94900497512438
500,-55.932630962832896
501,-55.874557528596085
502,-55.71652941520639
503,-55.66770763244888
504,-55.9138460638329
505,-55.92034052014159
506,-55.925996607294316
507,-55.92751016349332
508,-55.937052148226144
509,-55.91826796525402
510,-55.941702494808574
511,-55.91941650340653
512,-55.92587502558554
513,-55.932903739875435
514,-55.72742258545571
515,-55.91232199771923
516,-55.84176387183535
517,-55.93089662632287
518,-55.92521779804713
519,-55.85399856750278
520,-55.93738671578086
521,-55.92564003273227
522,-55.939412426571586
523,-55.75427419119151
524,-55.88359587339627
525,-55.933724464447494
526,-55.928302217547554
527,-55.93868875449207
528,-55.953271540012274
529,-55.943787068688465
530,-55.823114792415346
531,-55.76399678738318
532,-55.924189544392526
533,-55.93401358060748
534,-55.93566734813084
535,-55.93628066588785
536,-55.9296500934252
537,-55.92783998014715
538,-55.93704382225855
539,-55.92008495854257
540,-55.912362781735375
541,-55.91506508478534
542,-55.93067229956513
543,-55.92932609520474
544,-55.930982400840556
545,-55.91857470157313
546,-55.928480772597304
547,-55.46751911069615
548,-55.59972209254829
549,-55.707810585283305
550,-55.772152360389796
551,-55.76832103912765
552,-55.834071957548545
553,-55.86400446090151
554,-55.89043821797189
555,-55.889680156277336
556,-55.82960706581939
557,-55.87250772459628
558,-55.8621815425873
559,-55.85123593540489
560,-55.88203229755728
561,-55.90810751748252
562,-55.90551427738928
563,-55.91995192307692
564,-55.934615384615384
565,-55.911746066433565
566,-55.68439948731393
567,-55.8987080893705
568,-55.924087506190105
569,-55.902451280258674
570,-55.80505549244079
571,-55.902730052417006
572,-55.92842166569598
573,-55.92599373907979
574,-55.90944234129295
575,-55.93119903902155
576,-55.87814401327472
577,-55.9222329772059
578,-55.9263267444907
579,-55.92268056242904
580,-55.943378649820964
581,-55.909734950976116
582,-55.885372116028044
583,-55.932974018794916
584,-55.92883535538681
585,-55.93817462395624
586,-55.62598161828864
587,-55.906913501250656
588,-55.90791693327904
589,-55.934813274387764
590,-55.728128090279796
591,-55.917549481210216
592,-55.942035777603394
593,-55.95533249048159
594,-55.94252623012759
595,-55.936597204057314
596,-55.916463308349314
597,-55.92787679391087
598,-55.942398756609144
599,-55.94129481145779
600,-55.92949276625414
601,-55.89605713953893
602,-55.93927472272226
603,-55.897595958422855
604,-55.94307821845421
605,-55.934404215783054
606,-55.93145664605649
607,-55.67396731400041
608,-55.61474933960347
609,-55.75749658916079
610,-55.8158255682313
611,-55.79434103241157
612,-55.832769927168265
613,-55.809919333778254
614,-55.849142558686125
615,-55.86473899544439
616,-55.898847682311306
617,-55.90216902593259
618,-55.86817601670825
619,-55.92521175378546
620,-55.928148749782444
621,-55.926074411321196
622,-55.93901519545297
623,-55.9165917526969
624,-55.73874115531841
625,-55.943346914511075
626,-55.930909038205115
627,-55.906806191663286
628,-55.91832497536089
629,-55.943565569018496
630,-55.93308307727984
631,-55.81825853276931
632,-55.929007069594945
633,-55.83571521701339
634,-55.8650402735122
635,-55.94417844932491
636,-55.88023201923355
637,-55.92610723285925
638,-55.94792602033427
639,-55.943146597920226
640,-55.920237957303826
641,-55.88651763479469
642,-55.925595065732324
643,-55.93272209995946
644,-55.94797156425552
645,-55.93131768691724
646,-55.91437751469013
647,-55.95231858048456
648,-55.93780574290098
649,-55.94719874374041
650,-55.93594233942166
651,-55.929171729445116
652,-55.92321211595209
653,-55.92832913845976
654,-55.921400364520046
655,-55.78822759358908
656,-55.89838621048674
657,-55.94509355930243
658,-55.934906151487986
659,-55.9353833473118
660,-55.95269254128467
661,-55.916431772188496
662,-55.92762359063313
663,-55.94681989014166
664,-55.9350534836658
665,-55.94042353281295
666,-55.92606936416185
667,-55.9393063583815
668,-55.945776734104044
669,-55.92181358381503
670,-55.93841040462428
671,-55.67299471419081
672,-55.883455850495366
673,-55.93008578608359
674,-55.93342191155657
675,-55.9427298460472
676,-55.92597672605469
677,-55.93590280384627
678,-55.95246311108544
679,-55.94509615662268
680,-55.95425341457076
681,-55.92230665973846
682,-55.94105251003147
683,-55.951805663808784
684,-55.945364596864984
685,-55.94290724863601
686,-55.6186511601062
687,-55.163255367655545
688,-55.823466177998384
689,-55.908728211935816
690,-55.919052291354035
691,-55.92067647483052
692,-55.93832395788259
693,-55.94214986297418
694,-55.9462858791288
695,-55.936903216500795
696,-55.95415020332824
697,-55.95427998731001
698,-55.94478412597699
699,-55.95765076572549
700,-55.95590228708217
701,-55.88724698690964
702,-55.93628539299925
703,-55.94327028429733
704,-55.95347730811372
705,-55.93410486707802
706,-55.940508445264314
707,-55.879064103303165
708,-55.94564261832017
709,-55.94327549432178
710,-55.94918789992506
711,-55.869162008758785
712,-55.73478376743114
713,-55.875151261956894
714,-55.900113086320154
715,-55.90154287196035
716,-55.89257733740423
717,-55.94166570654992
718,-55.94252981162509
719,-55.955304164986465
720,-55.951286076386886
721,-55.92360711200691
722,-55.934321911891736
723,-55.956086236682985
724,-55.960084940973225
725,-55.9451590843651
726,-55.92888086123025
727,-55.943211910998535
728,-55.93820701764486
729,-55.95215307561671
730,-55.94098471546587
731,-55.920812949640286
732,-55.9353381294964
733,-55.921719424460434
734,-55.942611510791366
735,-55.95219064748201
736,-55.9005248023005
737,-55.91317038102085
738,-55.919982027318476
739,-55.953838964773546
740,-55.962606038820994
741,-55.836084770114944
742,-55.849802442528734
743,-55.93775862068966
744,-55.952083333333334
745,-55.95410201149425
746,-55.9405997817409
747,-55.947323454237385
748,-55.930394015105826
749,-55.95184658682979
750,-55.95283018867924
751,-55.937248794212216
752,-55.91786288470372
753,-55.937302624023886
754,-55.95794097381718
755,-55.95204840376665
756,-55.905745114357046
757,-55.89001922690619
758,-55.925115504921514
759,-55.94074812752891
760,-55.94394782908142
761,-55.93146549251334
762,-55.9409421433079
763,-55.925384372669384
764,-55.93896649647181
765,-55.94892719866904
766,-55.851479612318634
767,-55.44862935137925
768,-55.776452371394164
769,-55.852282502724094
770,-55.93649280266101
771,-55.93619560231638
772,-55.94250258012729
773,-55.9448533627659
774,-55.94444125910211
775,-55.94993836362594
776,-55.934800676353426
777,-55.9483850629066
778,-55.9109635170378
779,-55.946808815521734
780,-55.94637892987132
781,-55.702980009164854
782,-55.8878021537404
783,-55.90533709474167
784,-55.93406318020392
785,-55.936150332225914
786,-55.92298941041786
787,-55.940204636519745
788,-55.85159917000573
789,-55.92081067544362
790,-55.93486691471093
791,-55.89800194513573
792,-55.92196573128522
793,-55.930590119854685
794,-55.939142996081124
795,-55.940508881833004
796,-55.916011380533
797,-55.93253173967746
798,-55.92580135537001
799,-55.94013067596935
800,-55.93034070113234
801,-55.92741209262436
802,-55.925303744997144
803,-55.95169739851344
804,-55.94006575185821
805,-55.86277873070326
806,-55.7926514718491
807,-55.87450700200057
808,-55.91939125464418
809,-55.93058731066019
810,-55.936235352957986
811,-55.873522146386044
812,-55.902122540480335
813,-55.93733400919553
814,-55.93714481537539
815,-55.9367664277351
816,-55.90123690296058
817,-55.911182801838585
818,-55.933715419533506
819,-55.909948040083364
820,-55.917520769691954
821,-55.8890625
822,-55.94070704908676
823,-55.9443421803653
824,-55.9410174086758
825,-55.68229880136986
826,-55.84559725550611
827,-55.91799326714595
828,-55.94711428734452
829,-55.92934782608695
830,-55.95172172771882
831,-55.92568068424804
832,-55.93800427655025
833,-55.762216678545975
834,-55.91773342836778
835,-55.94052744119743
836,-55.90335775161759
837,-55.94046974318046
838,-55.930596727759884
839,-55.9552418550295
840,-55.9562394892113
841,-55.9289448195311
842,-55.93549696607128
843,-55.94203842976384
844,-55.95085890094864
845,-55.94916388912628
846,-55.87435572514737
847,-55.91632613833756
848,-55.935629467209615
849,-55.95078594412962
850,-55.91907053563801
851,-55.940787601047475
852,-55.69301847318684
853,-55.897468831834225
854,-55.95025902311283
855,-55.957716611636116
856,-55.93534642196614
857,-55.9471048513302
858,-55.9566510172144
859,-55.95512163892445
860,-55.94819319960165
861,-55.93516767165368
862,-55.92332826099323
863,-55.945090733261274
864,-55.9565674953069
865,-55.950562460890836
866,-55.93289327759768
867,-55.936757094921234
868,-55.830340385599726
869,-55.919816015469486
870,-55.94857248478644
871,-55.87345117653746
872,-55.935770006820505
873,-55.954110776401045
874,-55.9377415596226
875,-55.96353160168239
876,-55.94186104324109
877,-55.934960793226885
878,-55.92330175009944
879,-55.94051508608444
880,-55.95084592874595
881,-55.92382257697989
882,-55.94314211453244
883,-55.944977843426884
884,-55.91970372684922
885,-55.9533788774003
886,-55.89848564450629
887,-55.28223241416522
888,-55.7110335671485
889,-55.82157157867833
890,-55.872965950075255
891,-55.874744608399546
892,-55.900227014755956
893,-55.8959633938706
894,-55.92424091940976
895,-55.929639614074915
896,-55.86258085565139
897,-55.68810996368588
898,-55.76106800385838
899,-55.898192805265545
900,-55.91000198592828
901,-55.91012423064923
902,-55.9309782454548
903,-55.94959157046828
904,-55.953789318433216
905,-55.94608162918002
906,-55.92387913677226
907,-55.92788475172277
908,-55.95264157899214
909,-55.957873691971756
910,-55.85419561580127
911,-55.850507427145935
912,-55.90537475904298
913,-55.90953481120309
914,-55.93529595192199
915,-55.952917706089124
916,-55.943968204488776
917,-55.935548203355246
918,-55.95878910677851
919,-55.9522217184312
920,-55.96165126955339
921,-55.78745823422811
922,-55.82463331068071
923,-55.93873173632348
924,-55.95954383282365
925,-55.96054196398233
926,-55.93273856690061
927,-55.93895036223681
928,-55.95536421779488
929,-55.961728124292506
930,-55.95159327597917
931,-55.65058698727015
932,-55.83376237623762
933,-55.82512022630834
934,-55.833539603960396
935,-55.695300565770864
936,-55.920070840756765
937,-55.943967223777605
938,-55.9597049008795
939,-55.958347473204945
940,-55.96018565651424
941,-55.948159010600705
942,-55.95168197879859
943,-55.958798586572435
944,-55.92472438162544
945,-55.95209893992933
946,-55.9042104593999
947,-55.9458700627225
948,-55.95475221789004
949,-55.920855229699946
950,-55.948246878001925
951,-55.91765536723164
952,-55.93555084745763
953,-55.94466807909605
954,-55.84916666666667
955,-55.86747881355932
956,-55.927921821160254
957,-55.93046023272892
958,-55.95870756368977
959,-55.95546658758403
960,-55.96537310060442
961,-55.94923275643016
962,-55.961877805697505
963,-55.95619582709845
964,-55.94895748044835
965,-55.92734125751715
966,-55.932636124989415
967,-55.93518361701527
968,-55.702860812374745
969,-55.899239986451015
970,-55.94092782341152
971,-55.93282308126411
972,-55.9497460496614
973,-55.95624294582393
974,-55.95724463882618
975,-55.94802835778781
976,-55.92880867087894
977,-55.949315271352816
978,-55.96127863026064
979,-55.936484542479974
980,-55.950863138892025
981,-55.937283212543356
982,-55.940780011844
983,-55.81047488790502
984,-55.882561123487775
985,-55.94341671131666
986,-55.88940301663378
987,-55.939420637158165
988,-55.96250704820975
989,-55.96444178178743
990,-55.96153791936848
991,-55.939319635861445
992,-55.95351385248443
993,-55.95214692370565
994,-55.90549167159888
995,-55.61118626870719
996,-55.95060211267606
997,-55.959890845070426
998,-55.96411267605634
999,-55.931669014084505
1000,-55.959095070422535
1001,-55.9484375
1002,-55.9033643018018
1003,-55.95834740990991
1004,-55.941131756756754
1005,-55.952041103603605
1006,-55.937250225149164
1007,-55.84350726106045
1008,-55.84929429809749
1009,-55.942129629629626
1010,-55.95317601035686
1011,-55.961684300869514
1012,-55.9573894813856
1013,-55.94612657230492
1014,-55.952901201564565
1015,-55.95435039536258
1016,-55.93950796151466
1017,-55.95430568840376
1018,-55.94783519945985
1019,-55.96197181117425
1020,-55.96680006189163
1021,-55.95047813247082
1022,-55.93189424834763
1023,-55.94467022922233
1024,-55.95993531148924
1025,-55.95569540149065
1026,-55.91319473728599
1027,-55.92086601444997
1028,-55.95212392117174
1029,-55.9494461780664
1030,-55.95849146776869
1031,-55.9250976727191
1032,-55.68677272471752
1033,-55.76348094327955
1034,-55.82288914497723
1035,-55.90051436280848
1036,-55.913256277737204
1037,-55.91323521150497
1038,-55.9442236391214
1039,-55.95736194595809
1040,-55.95786753553171
1041,-55.87684959007188
1042,-55.887255727762806
1043,-55.93742980682839
1044,-55.95401645327942
1045,-55.93347793126684
1046,-55.891330124607094
1047,-55.947919005388414
1048,-55.96606982487651
1049,-55.95741889312977
1050,-55.95993769645263
1051,-55.950787650095386
1052,-55.954042054763775
1053,-55.96394905173381
1054,-55.96610579620693
1055,-55.9609962406015
1056,-55.923467384598126
1057,-55.93486735094509
1058,-55.89873240226597
1059,-55.92859246171967
1060,-55.96096948791295
1061,-55.907321483641255
1062,-55.94980234937901
1063,-55.95309652639547
1064,-55.957224760996944
1065,-55.961549244441954
1066,-55.93121303848202
1067,-55.91687687435186
1068,-55.95234942122817
1069,-55.96373216738137
1070,-55.83316516718518
1071,-55.94292518912861
1072,-55.955463715326424
1073,-55.962447464275705
1074,-55.93630568786775
1075,-55.96418464555898
1076,-55.95985981570176
1077,-55.962762232865586
1078,-55.95142565050556
1079,-55.95436657983923
1080,-55.966172310450105
1081,-55.61060869078284
1082,-55.76068148728861
1083,-55.82618434315153
1084,-55.80185001119946
1085,-55.86947726509128
1086,-55.866252379352815
1087,-55.923916694659056
1088,-55.94703490650543
1089,-55.9493687716941
1090,-55.95785046467361
1091,-55.892098561594
1092,-55.88577055465383
1093,-55.903635193373255
1094,-55.807116471707616
1095,-55.94476548944982
1096,-55.964101918666444
1097,-55.9720870392124
1098,-55.96954186944118
1099,-55.967458186496614
1100,-55.970933322145775
1101,-55.92552418227565
1102,-55.91987000279564
1103,-55.95924308079396
1104,-55.94615949119374
1105,-55.886042773273694
1106,-55.93924460029618
1107,-55.950899717790385
1108,-55.96307175389086
1109,-55.96238369331359
1110,-55.96939702143116
1111,-55.926308107051064
1112,-55.932562297463406
1113,-55.96819127835512
1114,-55.96758017655604
1115,-55.96557576265504
1116,-55.55262753748639
1117,-55.87261259877698
1118,-55.89476237679055
1119,-55.918974953229274
1120,-55.95624144863597
1121,-55.94836417943779
1122,-55.9482036680345
1123,-55.85152695195824
1124,-55.94410015911565
1125,-55.96657873433269
1126,-55.9544484432541
1127,-55.95469953130231
1128,-55.960945346501504
1129,-55.96729926905479
1130,-55.96684940296842
1131,-55.94243641231593
1132,-55.93701193663543
1133,-55.937161841811694
1134,-55.91496541722445
1135,-55.885500334672024
1136,-55.943519267231764
1137,-55.96035021191167
1138,-55.945948583537806
1139,-55.970959736783406
1140,-55.93816919473567
1141,-55.925418791983724
1142,-55.95921481729241
1143,-55.96135407085319
1144,-55.95773754773253
1145,-55.96362920534047
1146,-55.92536154146233
1147,-55.93813391662951
1148,-55.96667409719126
1149,-55.96875696611681
1150,-55.95956169193045
1151,-55.75095414530867
1152,-55.91203755293069
1153,-55.946661884332514
1154,-55.95739427791398
1155,-55.957439547581906
1156,-55.95138540796435
1157,-55.965274296853245
1158,-55.963613895850735
1159,-55.9656015037594
1160,-55.958402951824006
1161,-55.90768417244163
1162,-55.82815674487212
1163,-55.951239876429824
1164,-55.9655207202694
1165,-55.95912304138488
1166,-55.942117593081775
1167,-55.93442565970581
1168,-55.96656980785808
1169,-55.950462975836274
1170,-55.96586769735561
1171,-55.963958078505506
1172,-55.931874096519515
1173,-55.967856944290006
1174,-55.960444929389524
1175,-55.96127543645057
1176,-55.881863780359026
1177,-55.93887553493025
1178,-55.96659812149169
1179,-55.96720252320347
1180,-55.8472183626966
1181,-55.86755923446571
1182,-55.96154620704981
1183,-55.96105663731563
1184,-55.973403516568986
1185,-55.97193480736646
1186,-55.96200541441066
1187,-55.96527488546439
1188,-55.95875676801333
1189,-55.95956545883659
1190,-55.955296404276
1191,-55.95911626745122
1192,-55.944732021427185
1193,-55.94972105803658
1194,-55.953370895667376
1195,-55.94901329484582
1196,-55.92417589278282
1197,-55.953813923804766
1198,-55.93249673964316
1199,-55.96711201753656
1200,-55.97317142540026
1201,-55.93582561428809
1202,-55.96125339730434
1203,-55.93984691330634
1204,-55.96083393421709
1205,-55.95513131621277
1206,-55.88156399024066
1207,-55.812694077852946
1208,-55.89581484972829
1209,-55.94962986580903
1210,-55.959070367084394
1211,-55.89471550911812
1212,-55.96259561554238
1213,-55.97072640097556
1214,-55.96951388503963
1215,-55.966551881824735
1216,-55.962432810595146
1217,-55.97005915438324
1218,-55.96983403524327
1219,-55.96015044885293
1220,-55.96119292363959
1221,-55.94794061435338
1222,-55.71890493864776
1223,-55.61878514250893
1224,-55.90894800986068
1225,-55.936411101570506
1226,-55.89490672829426
1227,-55.927050178517064
1228,-55.939103539896486
1229,-55.939629404112814
1230,-55.95597617004788
1231,-55.684354508480205
1232,-55.779646127880916
1233,-55.84991215449741
1234,-55.88014968320283
1235,-55.87481324184489
1236,-55.8614829360031
1237,-55.8342068145362
1238,-55.863311715249736
1239,-55.83693096963328
1240,-55.84354084849826
1241,-55.80177179501354
1242,-55.90270675548676
1243,-55.871524130687156
1244,-55.91275775333075
1245,-55.876022720990655
1246,-55.832720740638386
1247,-55.83807516926903
1248,-55.80028326654691
1249,-55.94270415918198
1250,-55.94305651513058
1251,-55.90151808160897
1252,-55.94372461806227
1253,-55.93707351437965
1254,-55.822050169903584
1255,-55.921450672707685
1256,-55.9551655574273
1257,-55.958410427770566
1258,-55.95796857308552
1259,-55.952044958714204
1260,-55.95118541327221
1261,-55.68314795904286
1262,-55.740495542737285
1263,-55.83479838820964
1264,-55.889665498302655
1265,-55.90337192614467
1266,-55.940011861087356
1267,-55.9370500372383
1268,-55.9505902959755
1269,-55.92833006923565
1270,-55.88565084268888
1271,-55.9360400981771
1272,-55.82677325501227
1273,-55.95019787099087
1274,-55.947053997407686
1275,-55.71661013209785
1276,-55.8792824265476
1277,-55.88144947908054
1278,-55.9061931536299
1279,-55.91418954302409
1280,-55.917624441872
1281,-55.837782369146005
1282,-55.703257575757576
1283,-55.895967630853995
1284,-55.92157713498623
1285,-55.934669421487605
1286,-55.82229504585135
1287,-55.929618869275465
1288,-55.85123096411753
1289,-55.86953363809104
1290,-55.71762867292705
1291,-55.84170681348933
1292,-55.91523055746731
1293,-55.93746730901583
1294,-55.9607364074329
1295,-55.96355127322781
1296,-55.947019730867666
1297,-55.93699606483393
1298,-55.95766600621921
1299,-55.96007732738931
1300,-55.96588376124824
1301,-55.95610022835447
1302,-55.945507882356175
1303,-55.95176699590063
1304,-55.95981098852725
1305,-55.9545010592346
1306,-55.80279099510424
1307,-55.866267396446446
1308,-55.7695692832389
1309,-55.90804981022058
1310,-55.9222798283734
1311,-55.907114284928795
1312,-55.94858965194919
1313,-55.81900877000055
1314,-55.93761684170011
1315,-55.89051932699181
1316,-55.88526865466538
1317,-55.94928541981586
1318,-55.956067060601896
1319,-55.96036141267005
1320,-55.95256630479593
1321,-55.95763148494174
1322,-55.95570455045065
1323,-55.956666300285775
1324,-55.94653357880853
1325,-55.923520279182235
1326,-55.88524984204599
1327,-55.956535175672336
1328,-55.95856454138395
1329,-55.869097327143365
1330,-55.96062481114194
1331,-55.862381227000604
1332,-55.830003570055474
1333,-55.915811913000496
1334,-55.96340693140001
1335,-55.93978277585544
1336,-55.86675771384649
1337,-55.944256478533
1338,-55.94490501811793
1339,-55.94394078730647
1340,-55.95426594926979
1341,-55.962759609317125
1342,-55.96719731679882
1343,-55.963452358089384
1344,-55.96493045076682
1345,-55.96951905402069
1346,-55.440977840550694
1347,-55.72911581603269
1348,-55.750363382058524
1349,-55.80068836903162
1350,-55.76957463730357
1351,-55.78367229470453
1352,-55.91954007236048
1353,-55.93095946168183
1354,-55.94281739940796
1355,-55.93956940028506
1356,-55.81712588715644
1357,-55.908636587838764
1358,-55.86465897569397
1359,-55.75717260844546
1360,-55.845658756473846
1361,-55.91750568477576
1362,-55.90474576039013
1363,-55.931614887263365
1364,-55.90704364263993
1365,-55.954922467877594
1366,-55.9229995070654
1367,-55.81666940519224
1368,-55.87738936356666
1369,-55.91299704239238
1370,-55.88909656041187
1371,-55.95269169700786
1372,-55.91980344383914
1373,-55.95784171480194
1374,-55.961448438227166
1375,-55.956291576555614
1376,-55.954106346295944
1377,-55.935815248624834
1378,-55.96193317095865
1379,-55.732718042746505
1380,-55.84699036698503
1381,-55.87327300831692
1382,-55.93337573867367
1383,-55.96000902823375
1384,-55.9648514445174
1385,-55.96317232983147
1386,-55.89460281651627
1387,-55.914964451736395
1388,-55.92380024610336
1389,-55.94622641509434
1390,-55.904785343177466
1391,-55.92233580233416
1392,-55.778527892420804
1393,-55.83747642605297
1394,-55.8886831388198
1395,-55.87556714133435
1396,-55.90228067539138
1397,-55.93617660719652
1398,-55.9524671457064
1399,-55.963156744351245
1400,-55.96103248545122
1401,-55.90891676682692
1402,-55.79303021197553
1403,-55.83247172749126
1404,-55.85710773601399
1405,-55.94006091564685
1406,-55.96334129692833
1407,-55.96995221843003
1408,-55.96931399317406
1409,-55.96156313993174
1410,-55.962627986348124
1411,-55.85840520770785
1412,-55.94633304219663
1413,-55.70566420110268
1414,-55.78489546372619
1415,-55.89834325017741
1416,-55.937066801288
1417,-55.959657943568196
1418,-55.96473012061344
1419,-55.969457785297166
1420,-55.9603503793047
1421,-55.927895368501446
1422,-55.91960340406961
1423,-55.952229147346024
1424,-55.945478288145765
1425,-55.95125743276417
1426,-55.85599471014888
1427,-55.88193952118667
1428,-55.94324998636636
1429,-55.92833137917871
1430,-55.852109123629816
1431,-55.886312525555404
1432,-55.9391508791059
1433,-55.952129617009675
1434,-55.966430421153056
1435,-55.970430693744035
1436,-55.72452385493583
1437,-55.8553241056102
1438,-55.86248671698319
1439,-55.89988011225852
1440,-55.91454592517915
1441,-55.94560806209996
1442,-55.935704071905214
1443,-55.95644831812611
1444,-55.85500817104725
1445,-55.94356530028599
1446,-55.88520887195537
1447,-55.892842563614096
1448,-55.95220438154851
1449,-55.96008300449041
1450,-55.84396516532862
1451,-55.909680665868784
1452,-55.955608747687954
1453,-55.949917038407136
1454,-55.932964312914805
1455,-55.963748503971274
1456,-55.92328062112477
1457,-55.84151324377243
1458,-55.74873545088654
1459,-55.88058849124334
1460,-55.847220711410856
1461,-55.92757774696896
1462,-55.946331484804
1463,-55.92402340564345
1464,-55.95786440493666
1465,-55.963919697711084
1466,-55.95758819372724
1467,-55.93931075718867
1468,-55.87090965918356
1469,-55.95101443170082
1470,-55.973327852367234
1471,-55.96695062634168
1472,-55.96682834705579
1473,-55.961210293198555
1474,-55.97168555202304
1475,-55.97697413113774
1476,-55.89816814736327
1477,-55.95437009264542
1478,-55.900949547640394
1479,-55.96027250251311
1480,-55.95909745428859
1481,-55.84463781302624
1482,-55.92701939268836
1483,-55.96806928676191
1484,-55.97202794828616
1485,-55.95623743820957
1486,-55.75770222584148
1487,-55.77573629207383
1488,-55.93825325732899
1489,-55.93609527687296
1490,-55.94009907709012
1491,-55.96427214760548
1492,-55.96417718084385
1493,-55.96518789852123
1494,-55.972340930674264
1495,-55.970272011938675
1496,-55.95020479574676
1497,-55.8031248304671
1498,-55.92785696848044
1499,-55.78051592253024
1500,-55.90147086746596
1501,-55.52637055011794
1502,-55.82345186129111
1503,-55.89927947835046
1504,-55.886600873030936
1505,-55.903119323265464
1506,-55.93349326393972
1507,-55.9579504486189
1508,-55.956683201864955
1509,-55.95772681683879
1510,-55.96329050445908
1511,-55.92723375145621
1512,-55.83462585679066
1513,-55.802823006691774
1514,-55.960973693478905
1515,-55.96647340901087
1516,-55.95856007688975
1517,-55.96556205328135
1518,-55.954279023175225
1519,-55.90009408165476
1520,-55.833905268572664
1521,-55.8868530692855
1522,-55.957734761788814
1523,-55.95889808727647
1524,-55.96541812082353
1525,-55.96419392365338
1526,-55.960686274509804
1527,-55.96121703853955
1528,-55.9630121703854
1529,-55.97467207572684
1530,-55.95037187288709
1531,-55.89831476624395
1532,-55.85368277316605
1533,-55.95162642295109
1534,-55.961634399589
1535,-55.96251656166347
1536,-55.952449178200695
1537,-55.94707639489619
1538,-55.96587099913495
1539,-55.97175740700692
1540,-55.963444798875436
1541,-55.91786476772154
1542,-55.87186174093993
1543,-55.93228589573818
1544,-55.89459976218144
1545,-55.9282119017377
1546,-55.471894250513344
1547,-55.888769182967685
1548,-55.918259618502105
1549,-55.933791743218414
1550,-55.94399789257538
1551,-55.895487874041265
1552,-55.77560224694825
1553,-55.82330263584315
1554,-55.924945311656046
1555,-55.95000405098844
1556,-55.96342566345401
1557,-55.96247064064145
1558,-55.9677047055965
1559,-55.97216935287924
1560,-55.97650576388327
1561,-55.931452918792
1562,-55.93151701616603
1563,-55.9606745742585
1564,-55.962546892289424
1565,-55.959389253231855
1566,-55.907674095459086
1567,-55.787783638669296
1568,-55.922510320265495
1569,-55.95846936297655
1570,-55.96680314599466
1571,-55.96253338008793
1572,-55.967826989992716
1573,-55.96833274890082
1574,-55.96430690799234
1575,-55.96910150244113
1576,-55.95123331985443
1577,-55.965857932335894
1578,-55.96012939749292
1579,-55.93166868850249
1580,-55.96178056341825
1581,-55.93225334842482
1582,-55.90230953728407
1583,-55.664605061039694
1584,-55.92964939229795
1585,-55.9436393402862
1586,-55.951602693602695
1587,-55.96688888888889
1588,-55.956952861952864
1589,-55.970195286195285
1590,-55.96843771043771
1591,-55.929976851851855
1592,-55.90608850129199
1593,-55.96507253983635
1594,-55.96477309431525
1595,-55.95661740956072
1596,-55.95403145517167
1597,-55.851119362824235
1598,-55.925734581853405
1599,-55.97032074050156
1600,-55.97444771822194
1601,-55.956636495682815
1602,-55.96449753880087
1603,-55.92324555504747
1604,-55.87907510019636
1605,-55.96454797320924
1606,-55.91220994326584
1607,-55.95587642171493
1608,-55.967438358742704
1609,-55.97151192492807
1610,-55.962706031029015
1611,-55.840551419202235
1612,-55.94116896032685
1613,-55.97433743683475
1614,-55.974102247070206
1615,-55.97863132996452
1616,-55.96643981941794
1617,-55.96866014564802
1618,-55.92798551581436
1619,-55.959060005911915
1620,-55.96232499395373
1621,-55.84502794346822
1622,-55.79651647052501
1623,-55.936710731366546
1624,-55.96033505293138
1625,-55.97177441023161
1626,-55.96046853597615
1627,-55.96647463271829
1628,-55.9695364327344
1629,-55.823140762227055
1630,-55.92265597722451
1631,-55.947837816073445
1632,-55.940123879314974
1633,-55.96905030332314
1634,-55.9665438610619
1635,-55.955303457346865
1636,-55.96562701266638
1637,-55.975978826749675
1638,-55.970199119793904
1639,-55.94751636968656
1640,-55.96208807428081
1641,-55.8696645114557
1642,-55.92082617910608
1643,-55.864204941782475
1644,-55.93549122712883
1645,-55.95045809411386
1646,-55.96240578816082
1647,-55.91937344097846
1648,-55.96916154815868
1649,-55.97211865997908
1650,-55.97367432878256
1651,-55.9092237173645
1652,-55.88221733769367
1653,-55.94797418645794
1654,-55.96590360799871
1655,-55.91793880340964
1656,-55.907053085725
1657,-55.63471742101455
1658,-55.904828898357316
1659,-55.947858884690625
1660,-55.95948562317442
1661,-55.95063357265324
1662,-55.952381590227176
1663,-55.964584226318046
1664,-55.96845866373768
1665,-55.966834547792544
1666,-55.93496411259005
1667,-55.94424730174884
1668,-55.96199683976539
1669,-55.94419039074426
1670,-55.95959653445459
1671,-55.963608018413446
1672,-55.761280912107914
1673,-55.85778757627663
1674,-55.93372631409913
1675,-55.96892396424366
1676,-55.926586240102715
1677,-55.947230098437835
1678,-55.839440001069974
1679,-55.94303712818318
1680,-55.970732800128395
1681,-55.954329687374646
1682,-55.94848634771214
1683,-55.96718971465248
1684,-55.9706295295911
1685,-55.97135493274142
1686,-55.92226848633909
1687,-55.95373736833663
1688,-55.971628883066884
1689,-55.972928808212586
1690,-55.89916056247661
1691,-55.93751837400112
1692,-55.966272015394075
1693,-55.970788678942725
1694,-55.972679530694606
1695,-55.96409052035171
1696,-55.94850524965938
1697,-55.40868531431167
1698,-55.80897518099971
1699,-55.841161069701585
1700,-55.89705391253239
1701,-55.868162758399656
1702,-55.94082848138454
1703,-55.957741306554134
1704,-55.963189733454406
1705,-55.957514288766625
1706,-55.94817366228773
1707,-55.951858378724765
1708,-55.956644504966356
1709,-55.97420364733526
1710,-55.9760960696358
1711,-55.96461930559633
1712,-55.95593258786795
1713,-55.948273331376264
1714,-55.95832110165195
1715,-55.976441781644475
1716,-55.89000720345766
1717,-55.790015874286325
1718,-55.829501494050476
1719,-55.95192358998986
1720,-55.97057254148658
1721,-55.96933660409557
1722,-55.96457044581911
1723,-55.959304340870304
1724,-55.973909449658706
1725,-55.974789355802045
1726,-55.96122780828491
1727,-55.96164098736472
1728,-55.85279828863891
1729,-55.89480593911606
1730,-55.961627659007306
1731,-55.90621418481303
1732,-55.96188597777126
1733,-55.96576401290013
1734,-55.97761800687652
1735,-55.971414483328445
1736,-55.9659587507994
1737,-55.9689831592411
1738,-55.96418007887444
1739,-55.96424669580047
1740,-55.96667821360051
1741,-55.96000053279344
1742,-55.96446267781981
1743,-55.95239490649475
1744,-55.964342799296716
1745,-55.91035750439555
1746,-55.61286155649071
1747,-55.800231715761996
1748,-55.91505752943056
1749,-55.969364246524265
1750,-55.97370558781228
1751,-55.93748502356293
1752,-55.96684549641897
1753,-55.969780878085146
1754,-55.96505498016454
1755,-55.969760909502384
1756,-55.965747863816645
1757,-55.97670162642745
1758,-55.97340751191205
1759,-55.907571805041655
1760,-55.67931628823169
1761,-55.916883998190386
1762,-55.96519147350773
1763,-55.97346115975198
1764,-55.97479841392341
1765,-55.9759826489608
1766,-55.97031283251756
1767,-55.955216535433074
1768,-55.968690146839755
1769,-55.976052085550116
1770,-55.975746169397745
1771,-55.94552296359333
1772,-55.88687072839933
1773,-55.95877988458368
1774,-55.96639895752998
1775,-55.84970614046752
1776,-55.967194810718844
1777,-55.964177477669075
1778,-55.97073054019566
1779,-55.978187473415566
1780,-55.98073957890259
1781,-55.931098176792645
1782,-55.971190134481475
1783,-55.97506378568011
1784,-55.97614681337373
1785,-55.622162866103224
1786,-55.81565596196244
1787,-55.8755544930539
1788,-55.88072090737642
1789,-55.904089303264534
1790,-55.90559672749489
1791,-55.86940040893279
1792,-55.9117209697549
1793,-55.9166865822247
1794,-55.91691229188242
1795,-55.92446028837728
1796,-55.87246496071353
1797,-55.944872849861966
1798,-55.96082634317265
1799,-55.96429709067743
1800,-55.96549161180718
1801,-55.68913522262909
1802,-55.86059810009022
1803,-55.93672053282386
1804,-55.95963355092076
1805,-55.96712970333811
1806,-55.735235593759946
1807,-55.85396105274329
1808,-55.933473946726096
1809,-55.955680250451024
1810,-55.96891913403375
1811,-55.92987481434331
1812,-55.9534664757055
1813,-55.96243104179928
1814,-55.95954010184596
1815,-55.9673509441969
1816,-55.95126203038418
1817,-55.94507781636928
1818,-55.959481135827346
1819,-55.88221491635072
1820,-55.84695893098603
1821,-55.9554129996819
1822,-55.9312771710317
1823,-55.974465857279185
1824,-55.974976142508744
1825,-55.95568470999894
1826,-55.91954655076458
1827,-55.9528794423979
1828,-55.96360612726261
1829,-55.961373333686694
1830,-55.957875069567756
1831,-55.87796767355591
1832,-55.95448463169051
1833,-55.897085320614735
1834,-55.9663884472708
1835,-55.954047429782726
1836,-55.952365813596145
1837,-55.97197053992476
1838,-55.964552535367986
1839,-55.96655274731097
1840,-55.967877390981826
1841,-55.95815677966102
1842,-55.85703125
1843,-55.909805349576274
1844,-55.95438294491525
1845,-55.95046345338983
1846,-55.962706524041515
1847,-55.968339599661086
1848,-55.76376165007414
1849,-55.862648273670835
1850,-55.92877568311798
1851,-55.93330686780468
1852,-55.950734418420005
1853,-55.959494508402805
1854,-55.95884610295091
1855,-55.96137356093688
1856,-55.926837009998415
1857,-55.93628656826959
1858,-55.9512775749881
1859,-55.87246733322753
1860,-55.86964370734804
1861,-55.94766903773435
1862,-55.953281592934395
1863,-55.96115503609488
1864,-55.96393817595261
1865,-55.907369701457014
1866,-55.86163617617512
1867,-55.97004044836885
1868,-55.972082694442975
1869,-55.9715671760165
1870,-55.91251387934225
1871,-55.96044078008562
1872,-55.95790391628349
1873,-55.94519317160827
1874,-55.94759790708736
1875,-55.964146979546534
1876,-55.90691285627493
1877,-55.84566262514198
1878,-55.74276223683863
1879,-55.93752146234514
1880,-55.958594183374274
1881,-55.9698854034643
1882,-55.977265525982254
1883,-55.97258528728348
1884,-55.97195817490494
1885,-55.97668462188424
1886,-55.942168166108225
1887,-55.95177162757565
1888,-55.96166530353798
1889,-55.96675724876659
1890,-55.97441495396143
1891,-55.92382534409113
1892,-55.943231556188366
1893,-55.953079681484994
1894,-55.95837947582134
1895,-55.6218161683278
1896,-55.82637516143486
1897,-55.86098152394507
1898,-55.94998813947972
1899,-55.94664083708916
1900,-55.9676537255212
1901,-55.94822270822903
1902,-55.96888092540381
1903,-55.968083844957974
1904,-55.96237912044479
1905,-55.948453268688574
1906,-55.5149352017701
1907,-55.84505057422822
1908,-55.93777657781056
1909,-55.952698609208724
1910,-55.95601095774945
1911,-55.943159072952334
1912,-55.963023439557546
1913,-55.96373452725836
1914,-55.96117987885172
1915,-55.967224124308665
1916,-55.96140630348351
1917,-55.960293846599434
1918,-55.96345348745359
1919,-55.97509149793307
1920,-55.96742936886174
1921,-55.82933907138345
1922,-55.82747025689619
1923,-55.943586807749
1924,-55.95504316698252
1925,-55.970270056854076
1926,-55.960819521178635
1927,-55.95836621941594
1928,-55.71385161799527
1929,-55.9597605893186
1930,-55.9440410418311
1931,-55.93837778128452
1932,-55.96720319814844
1933,-55.97349560780601
1934,-55.94375624638367
1935,-55.97028036399979
1936,-55.95629880886645
1937,-55.96634324629907
1938,-55.94480818279824
1939,-55.96152480870869
1940,-55.957751571086746
1941,-55.97123068026496
1942,-55.976928030701295
1943,-55.969147565976236
1944,-55.96768872884029
1945,-55.97311008306172
1946,-55.569981341812735
1947,-55.78643602344099
1948,-55.8988516017134
1949,-55.956967913173735
1950,-55.9668554384674
1951,-55.97110206226192
1952,-55.97459608564298
1953,-55.97856298436884
1954,-55.97887166688559
1955,-55.974162616576905
1956,-55.951505960821386
1957,-55.949713775537
1958,-55.965502074470876
1959,-55.94415340580852
1960,-55.954906517514836
1961,-55.87967605596829
1962,-55.955615204893284
1963,-55.97573044916389
1964,-55.979005329063085
1965,-55.97773212926259
1966,-55.960386099372684
1967,-55.95642930260637
1968,-55.959224651565656
1969,-55.9569017559516
1970,-55.75131893225544
1971,-55.90377299084302
1972,-55.96034817516333
1973,-55.969938078870726
1974,-55.973388345184055
1975,-55.97390654107522
1976,-55.96382855943762
1977,-55.974950162627216
1978,-55.970294302801385
1979,-55.95677263665932
1980,-55.965631885426504
1981,-55.9372771602349
1982,-55.96760958473154
1983,-55.94060664848993
1984,-55.97288564387584
1985,-55.973881868708055
1986,-55.963805530074694
1987,-55.96614467304416
1988,-55.970410169047305
1989,-55.96677368627965
1990,-55.9122723103132
1991,-55.92612609071614
1992,-55.902772318738045
1993,-55.83185284175772
1994,-55.81744097686241
1995,-55.95037077797867
1996,-55.96415566383737
1997,-55.975413915959344
1998,-55.97010243110133
1999,-55.974261238604214
2000,-55.97445771769884
2001,-55.798221721708614
2002,-55.95571327554147
2003,-55.96718434905586
2004,-55.88373097975539
2005,-55.954207369771886
2006,-55.9575838504438
2007,-55.97124473070981
2008,-55.97454376456419
2009,-55.977443510590945
2010,-55.97432775639515
2011,-55.95277326981468
2012,-55.95630038739399
2013,-55.956483614281225
2014,-55.978202544236204
2015,-55.9662731651136
2016,-55.96128280951508
2017,-55.956081699945045
2018,-55.97158035223615
2019,-55.95835186978253
2020,-55.965692303666295
2021,-55.8790717145025
2022,-55.94536380523796
2023,-55.93194186442008
2024,-55.963488658067554
2025,-55.9643128123283
2026,-55.96302568260278
2027,-55.97004786065488
2028,-55.95862537922377
2029,-55.541008473689715
2030,-55.84984700282456
2031,-55.936201082268056
2032,-55.965068099234045
2033,-55.95089927587379
2034,-55.97013959689436
2035,-55.97425038559067
2036,-55.967097010244615
2037,-55.974937277859084
2038,-55.972996811624505
2039,-55.973055613631615
2040,-55.96998484214928
2041,-55.94322160100324
2042,-55.97071924966036
2043,-55.972299874595045
2044,-55.97137893196781
2045,-55.91420211098338
2046,-55.92849215261275
2047,-55.96905439636487
2048,-55.97677774005693
2049,-55.97735878620114
2050,-55.97512600214139
2051,-55.971953224922345
2052,-55.96517971339824
2053,-55.636670930020095
2054,-55.913954216804576
2055,-55.95122158126909
2056,-55.93496269046128
2057,-55.963225318305156
2058,-55.97257227092465
2059,-55.97283317678981
2060,-55.97028282195784
2061,-55.8576719438721
2062,-55.938838319292664
2063,-55.95378315641219
2064,-55.9739182598263
2065,-55.97600479904019
2066,-55.95677363015484
2067,-55.97371748084041
2068,-55.94173922110422
2069,-55.93166414681195
2070,-55.9724206245764
2071,-55.98026058631922
2072,-55.9459674267101
2073,-55.96855374592834
2074,-55.96763517915309
2075,-55.979263843648205
2076,-55.89770743780122
2077,-55.826403543050674
2078,-55.938634883418004
2079,-55.96423081933047
2080,-55.29753810082063
2081,-55.91052782334713
2082,-55.9559734916543
2083,-55.97349816420592
2084,-55.975210270030985
2085,-55.97822435747207
2086,-55.96718473393731
2087,-55.97025018223472
2088,-55.96658596271998
2089,-55.96706758304696
2090,-55.97218968030824
2091,-55.91397079874034
2092,-55.94621710954376
2093,-55.96568461598522
2094,-55.96925018868907
2095,-55.9680985347318
2096,-55.933143392397156
2097,-55.93860744672547
2098,-55.9691411026982
2099,-55.83750943199854
2100,-55.76029714047824
2101,-55.91948612591995
2102,-55.96656957844642
2103,-55.96980079577666
2104,-55.971380646503526
2105,-55.967531792057834
2106,-55.952963733264006
2107,-55.96301832835045
2108,-55.9583452489276
2109,-55.97354738073573
2110,-55.97625113739763
2111,-55.932077506887765
2112,-55.947341061496076
2113,-55.967380568695745
2114,-55.97528200862921
2115,-55.967107657119094
2116,-55.75778205061581
2117,-55.78627293041625
2118,-55.89406537442187
2119,-55.96618250792496
2120,-55.97198981447799
2121,-55.963395315015845
2122,-55.97445852594401
2123,-55.98065236586506
2124,-55.97041370176076
2125,-55.970212434425804
2126,-55.62537317307443
2127,-55.771942576776304
2128,-55.7949819578931
2129,-55.885004283377896
2130,-55.9568936424288
2131,-55.94976653696498
2132,-55.958728923476
2133,-55.972256809338525
2134,-55.973385214007784
2135,-55.98009079118029
2136,-55.912765515989314
2137,-55.96333999014446
2138,-55.949367170682365
2139,-55.9165650854579
2140,-55.948037969759056
2141,-55.963430282292556
2142,-55.97260025403738
2143,-55.97547761619618
2144,-55.972729864945435
2145,-55.93646473287192
2146,-55.896893057966885
2147,-55.93926044932756
2148,-55.97255189033712
2149,-55.976691456557226
2150,-55.97607602808945
2151,-55.96914091839113
2152,-55.96525601512522
2153,-55.90844577970009
2154,-55.958243764730256
2155,-55.8195850923312
2156,-55.88924779906784
2157,-55.96330916623511
2158,-55.97370533402382
2159,-55.97365354738478
2160,-55.971556188503364
2161,-55.93507132316773
2162,-55.57291531830067
2163,-55.58833199575427
2164,-55.74822015688508
2165,-55.79681311000078
2166,-55.74919135722603
2167,-55.91573295381033
2168,-55.95851986026653
2169,-55.96311295122267
2170,-55.95359037391642
2171,-55.93503738390293
2172,-55.51897006700644
2173,-55.77729412982175
2174,-55.937314050655836
2175,-55.96151657051199
2176,-55.94740075003233
2177,-55.96401784559679
2178,-55.966242079399976
2179,-55.96456097245571
2180,-55.96790378895642
2181,-55.96479073494817
2182,-55.955788072279816
2183,-55.97127291058087
2184,-55.96877827469431
2185,-55.97037458315022
2186,-55.90921073034579
2187,-55.96618338760531
2188,-55.95969659378715
2189,-55.78344187729364
2190,-55.82238202305267
2191,-55.96059091026535
2192,-55.973219130299974
2193,-55.97860630958841
2194,-55.979239335452036
2195,-55.976138800609775
2196,-55.955100880932086
2197,-55.95709008240978
2198,-55.75700741429642
2199,-55.93732723655997
2200,-55.95667674184298
2201,-55.95885512148519
2202,-55.960184874383536
2203,-55.97157814557567
2204,-55.971726613132276
2205,-55.97130703090707
2206,-55.94741597397904
2207,-55.91226315246011
2208,-55.953624348185244
2209,-55.97226237802674
2210,-55.96756414889772
2211,-55.97315921232612
2212,-55.97435930523653
2213,-55.9723204377113
2214,-55.97399798694092
2215,-55.97413348130178
2216,-55.84751535166933
2217,-55.842845348057175
2218,-55.61064812425822
2219,-55.79455854275246
2220,-55.88870684761856
2221,-55.91129968275257
2222,-55.93590570271595
2223,-55.965592840009286
2224,-55.969474607309586
2225,-55.9724665342653
2226,-55.959250760583714
2227,-55.93261743928222
2228,-55.95530603826123
2229,-55.96139070798742
2230,-55.96928015263239
2231,-55.93014146932254
2232,-55.90564846548303
2233,-55.964130182698995
2234,-55.66810111577808
2235,-55.694533202772696
2236,-55.7645422226802
2237,-55.875328455870985
2238,-55.92943995053841
2239,-55.960128033386574
2240,-55.969550208666085
2241,-55.9606940509915
2242,-55.96397115632243
2243,-55.96419005923255
2244,-55.96936646922482
2245,-55.96680401751223
2246,-55.92476828012359
2247,-55.91761071060762
2248,-55.9370623069001
2249,-55.764752832131826
2250,-55.87631307929969
2251,-55.95695091503436
2252,-55.97531595068338
2253,-55.97699544413271
2254,-55.97390672054773
2255,-55.97520655838974
2256,-55.950684473264374
2257,-55.96289434408934
2258,-55.96748751994236
2259,-55.92558926457722
2260,-55.96980340692708
2261,-55.915037806697185
2262,-55.97548994393293
2263,-55.97132349158994
2264,-55.972287948150814
2265,-55.95977573170104
2266,-55.94544987146529
2267,-55.956580976863755
2268,-55.96086118251928
2269,-55.96556555269923
2270,-55.96693444730077
2271,-55.75485106273613
2272,-55.75490246472538
2273,-55.530532781618646
2274,-55.63508442776735
2275,-55.76702048369272
2276,-55.81330455561551
2277,-55.923572034224925
2278,-55.95434749094273
2279,-55.95754644261158
2280,-55.9420398776947
2281,-55.651362772297574
2282,-55.82068177147554
2283,-55.86725493218249
2284,-55.92867601726264
2285,-55.95960491163173
2286,-55.96336782376502
2287,-55.97225146348978
2288,-55.969151175926875
2289,-55.977649686761836
2290,-55.97554431549759
2291,-55.96593942505133
2292,-55.945495379876796
2293,-55.61730621149897
2294,-55.75282340862423
2295,-55.917466632443535
2296,-55.924776831520624
2297,-55.91770982967371
2298,-55.963504258157194
2299,-55.95318592242972
2300,-55.96597321978248
2301,-55.91151843873416
2302,-55.83775709083449
2303,-55.80062317279582
2304,-55.90632533210238
2305,-55.9639175257732
2306,-55.9721745038716
2307,-55.97965488949285
2308,-55.95770729706169
2309,-55.96698246243783
2310,-55.97903953643403
2311,-55.88956721160252
2312,-55.87725490698509
2313,-55.94924537487829
2314,-55.96217906011377
2315,-55.97078870496592
2316,-55.94619620901639
2317,-55.907786885245905
2318,-55.75306736680328
2319,-55.73620645491803
2320,-55.94013831967213
2321,-55.942422923281775
2322,-55.95737094130902
2323,-55.96978387790638
2324,-55.972101300829664
2325,-55.97094258936802
2326,-55.96214991551892
2327,-55.92743587117915
2328,-55.97397726690902
2329,-55.9805693512877
2330,-55.980153345962826
2331,-55.750716552359506
2332,-55.95949559832122
2333,-55.967851110656156
2334,-55.96711536492988
2335,-55.956264714914525
2336,-55.963838006549324
2337,-55.97325266066312
2338,-55.9741480761359
2339,-55.970144289807614
2340,-55.9688587290217
2341,-55.917747256963096
2342,-55.69441034297552
2343,-55.90193483209289
2344,-55.95510115348219
2345,-55.969922504411876
2346,-55.95981846075173
2347,-55.97445026847354
2348,-55.97620173868576
2349,-55.97049347992841
2350,-55.965616210687806
2351,-55.777060867787604
2352,-55.93367021004753
2353,-55.95680226912659
2354,-55.96750907139572
2355,-55.97097792201155
2356,-55.95509234424094
2357,-55.62211025110481
2358,-55.76832196592331
2359,-55.83282243850103
2360,-55.90466702429305
2361,-55.922504914851785
2362,-55.92728572522787
2363,-55.94766001991472
2364,-55.95625143615799
2365,-55.97210662036919
2366,-55.92955751760743
2367,-55.88385475145453
2368,-55.958565121976115
2369,-55.88594722874349
2370,-55.95474379912218
2371,-55.975343042236275
2372,-55.978913742093454
2373,-55.97385737604571
2374,-55.97639512344419
2375,-55.9699551112018
2376,-55.93512170256149
2377,-55.903096724863005
2378,-55.723397476742704
2379,-55.9359245571556
2380,-55.94883394927998
2381,-55.95147152503504
2382,-55.968378137342334
2383,-55.967983182571025
2384,-55.96208434195439
2385,-55.939489106892594
2386,-55.97188606659703
2387,-55.971331940587504
2388,-55.97611525820998
2389,-55.97340832080711
2390,-55.9723446536394
2391,-55.935049800035664
2392,-55.97238709020047
2393,-55.97421478971903
2394,-55.971826680591995
2395,-55.967846498713605
2396,-55.861470483369835
2397,-55.40822849284368
2398,-55.66309275199919
2399,-55.863603371873886
2400,-55.900632863036726
2401,-55.93762252717875
2402,-55.94010489599511
2403,-55.96769101509789
2404,-55.95818163301678
2405,-55.9678946966418
2406,-55.95724940182253
2407,-55.9583821208573
2408,-55.966871150028
2409,-55.95829303059614
2410,-55.968971134755385
2411,-55.68891405593872
2412,-55.890743898404295
2413,-55.948909474970094
2414,-55.96508283918255
2415,-55.96813681826279
2416,-55.95112829775867
2417,-55.95114101813926
2418,-55.79788587274531
2419,-55.810351845727226
2420,-55.90410105070344
2421,-55.90935568387047
2422,-55.963485361076486
2423,-55.96824205733473
2424,-55.97194948235953
2425,-55.976267392465594
2426,-55.72042928714936
2427,-55.826969049617254
2428,-55.918128989598436
2429,-55.92446148368556
2430,-55.92408636606393
2431,-55.95088218843748
2432,-55.9623735190929
2433,-55.973070371688614
2434,-55.97541567092083
2435,-55.977112676056336
2436,-55.88050578218325
2437,-55.95721819799212
2438,-55.973224043715845
2439,-55.97752573389249
2440,-55.9760897191511
2441,-55.96212044212933
2442,-55.95375428789226
2443,-55.938845127683905
2444,-55.96652903061873
2445,-55.97761402617203
2446,-55.960748577524896
2447,-55.95705903271693
2448,-55.89714996951839
2449,-55.95154694167852
2450,-55.97903754318228
2451,-55.862280389966486
2452,-55.70117167665279
2453,-55.92681781253174
2454,-55.96160632680004
2455,-55.96757895805829
2456,-55.9635351894622
2457,-55.88183041039567
2458,-55.962500951752496
2459,-55.964759777670615
2460,-55.9630846932819
2461,-55.96387803764396
2462,-55.951150372888236
2463,-55.88128456191974
2464,-55.948708842778146
2465,-55.97669448531277
2466,-55.89476620346891
2467,-55.95175093822903
2468,-55.976005426513844
2469,-55.91770209960442
2470,-55.9249543564256
2471,-55.96893457375345
2472,-55.93104387943928
2473,-55.95605718776142
2474,-55.97116530203554
2475,-55.97751527288398
2476,-55.825717254663424
2477,-55.80229876317924
2478,-55.911914537712896
2479,-55.96842051905921
2480,-55.96801500405515
2481,-55.961863010921626
2482,-55.973880597014926
2483,-55.97757393001039
2484,-55.959918151179586
2485,-55.804418062488914
2486,-55.66259405639583
2487,-55.76708216158699
2488,-55.85913708798865
2489,-55.857566314509384
2490,-55.889140128195386
2491,-55.833755477318206
2492,-55.69246599630202
2493,-55.876060636761984
2494,-55.916200197563384
2495,-55.94137686482105
2496,-55.93223600911623
2497,-55.94931628260319
2498,-55.85182324639149
2499,-55.95252595593821
2500,-55.509584704988605
2501,-55.81462821843591
2502,-55.87926276614598
2503,-55.88502873490468
2504,-55.90692802349427
2505,-55.89665561153447
2506,-55.95065548047478
2507,-55.974464100422644
2508,-55.97675448586541
2509,-55.97850074658973
2510,-55.97445777339104
