1,-20.267969376001602
2,-28.41135942508013
3,-35.478207632211536
4,-34.54907727363782
5,-39.879195462740384
6,-42.68660982572115
7,-47.89785406650641
8,-51.11804136618589
9,-47.165339543269226
10,-52.103801081730765
11,-48.20466524920886
12,-52.0827012460443
13,-53.69823229825949
14,-53.278466178797466
15,-51.019115901898736
16,-52.33340630903652
17,-54.31817488586272
18,-53.93957857761335
19,-54.28361392081234
20,-53.80207513381612
21,-54.351175062774644
22,-54.60767076663528
23,-54.7347845064344
24,-54.87015213041431
25,-53.32991505806654
26,-53.24428353658537
27,-54.63156660412758
28,-54.77216961772983
29,-54.65593241869919
30,-54.08890322076298
31,-53.26083057931571
32,-53.71107358087092
33,-54.305938958009335
34,-54.33647210342146
35,-54.5291091562986
36,-54.23574782676188
37,-53.396058095312014
38,-53.16634731061782
39,-54.939782385128844
40,-54.345903834212976
41,-53.70734046459493
42,-54.700738249845394
43,-54.98878613945578
44,-54.424563717532465
45,-54.060712353123066
46,-54.934338026275356
47,-54.788666352950216
48,-54.282159937768895
49,-55.335166813921326
50,-55.225866241548864
51,-54.84618512706675
52,-54.988840994335575
53,-54.181333244029396
54,-54.73892471677894
55,-54.661031747550524
56,-54.56989078225068
57,-54.253111657517536
58,-55.05863306267155
59,-55.18505070143336
60,-54.60783346675816
61,-45.256684898207226
62,-50.699571273928896
63,-53.52840844348222
64,-54.50687955788514
65,-54.65709985566697
66,-54.69268084665259
67,-54.86026556845597
68,-55.003239501658626
69,-55.08021477306997
70,-55.06540494948733
71,-54.20463785221823
72,-52.843939691996404
73,-53.719536870503596
74,-53.79522163519185
75,-54.368470848321344
76,-53.34958544965641
77,-53.432878323872124
78,-55.02855168807888
79,-55.236310035106065
80,-55.2750830968031
81,-54.90876573205243
82,-54.49705373100983
83,-54.19740700402144
84,-54.99268785373846
85,-54.77717037161156
86,-52.93411049866825
87,-54.61342806673572
88,-54.470525673276114
89,-55.14219258656407
90,-55.278038528410775
91,-55.225283462389385
92,-55.27885554941003
93,-55.40596884218289
94,-55.33017376474926
95,-55.30373340707965
96,-54.80459566926241
97,-55.239788421980606
98,-55.13929345430502
99,-55.208060902145164
100,-55.14892879444608
101,-55.03070259821167
102,-55.10641811418939
103,-55.082536279683374
104,-55.09230247727939
105,-55.265950234535325
106,-55.194853344298245
107,-55.261631944444446
108,-55.22499314692982
109,-55.15232090643275
110,-55.00551443713451
111,-55.03885048876569
112,-55.02633498686898
113,-55.24208719360957
114,-55.02836847096586
115,-55.11586983878027
116,-55.09984656449738
117,-55.02533047646717
118,-55.00323440223707
119,-55.35722327135386
120,-55.38658937391052
121,-55.08917765534682
122,-54.130317467485554
123,-54.11789649566474
124,-54.22795339595376
125,-54.63684971098266
126,-53.36435887503603
127,-53.82563193643701
128,-53.35973083021044
129,-54.4834674077544
130,-55.13314130513116
131,-54.98896332926479
132,-55.32588131820793
133,-55.3286343157668
134,-55.218631084865024
135,-55.438756461803564
136,-55.289723592052596
137,-55.35985518510577
138,-55.407583351200685
139,-55.35406839622641
140,-55.43884675171526
141,-55.04461993725043
142,-55.17952928907587
143,-55.283701155162575
144,-55.25136373359955
145,-55.283926215772965
146,-55.294344878447546
147,-55.36735410150696
148,-55.31018979243674
149,-54.05769965524595
150,-54.54074628589707
151,-55.142101063829784
152,-55.375398936170214
153,-55.09458776595745
154,-55.356272163120565
155,-55.39621897163121
156,-55.3750840291537
157,-55.391350304273985
158,-55.5179269565525
159,-55.410814109821686
160,-55.36593811916219
161,-55.50918897762455
162,-55.06832914086688
163,-54.785304672108076
164,-55.22579510273009
165,-55.529545894314666
166,-55.10850352978365
167,-55.06904809988761
168,-55.38164907628547
169,-55.52017991359932
170,-55.573008130795166
171,-55.33619580064444
172,-54.612542466377135
173,-54.671040995376856
174,-54.861955817455865
175,-55.33074959722612
176,-55.25191277568398
177,-55.3474490508096
178,-55.5614596419598
179,-55.50676341778336
180,-55.541023258654384
181,-55.33647224540901
182,-53.955718297857544
183,-55.30405710907067
184,-55.22493869991652
185,-54.97865148511408
186,-54.67317816390042
187,-54.60893628976487
188,-54.939375864453666
189,-54.850533800138315
190,-55.3890625
191,-54.96001876204902
192,-55.09730015835858
193,-55.28770268176811
194,-54.99076528504544
195,-55.01520543583035
196,-54.762896416803954
197,-55.34801233868754
198,-55.51963850562878
199,-55.60241625480505
200,-55.5492839614223
201,-55.264128172762014
202,-55.2276883187773
203,-55.116262111080786
204,-55.42952331809498
205,-55.28429482805677
206,-55.23516199292132
207,-55.39911814252655
208,-55.27841469847536
209,-55.401674806016885
210,-55.49826010754152
211,-55.40466245585439
212,-55.501088783618584
213,-55.50604455311057
214,-55.50748777506112
215,-55.22334920877479
216,-55.394682671455676
217,-55.460323343046895
218,-55.35406360124695
219,-55.505146211710496
220,-55.19674200325291
221,-55.128897804054056
222,-55.22993876689189
223,-55.427601351351356
224,-54.250861486486485
225,-54.322544341216215
226,-54.83905366280635
227,-54.82008736197145
228,-54.18383466873148
229,-54.61871717613789
230,-54.81565824468085
231,-55.295149153453366
232,-55.213490577129804
233,-54.974643493012636
234,-55.386736596345074
235,-55.44457555092717
236,-55.22136323312802
237,-55.07031877678094
238,-55.40863308449384
239,-55.51753523366364
240,-55.58800883770755
241,-55.17741424185798
242,-55.03607598104645
243,-55.291746613053924
244,-55.297750934329954
245,-55.477173568473034
246,-55.533816043385684
247,-55.62513100545648
248,-55.228560853074256
249,-55.192455333377694
250,-55.484302219190845
251,-55.44940002651816
252,-55.54805588703262
253,-55.57572386303367
254,-55.58923984022806
255,-55.47048403937947
256,-55.248310142442634
257,-55.156165507122125
258,-55.535831162622
259,-55.560911121735685
260,-55.649226787127404
261,-55.5023904071297
262,-55.295485563009734
263,-54.61890990857669
264,-54.71003724348856
265,-55.48754234083136
266,-55.450384059873954
267,-55.57692481289391
268,-55.64421120010504
269,-55.349223673844534
270,-55.59978991596638
271,-55.54660892061828
272,-55.514515653654705
273,-55.42737465614357
274,-55.23623755567199
275,-55.14957754781241
276,-54.97608326807622
277,-55.086822549595404
278,-55.50413566953798
279,-55.47782073871052
280,-55.631170875750456
281,-55.523716299817664
282,-55.627391166319356
283,-55.5748363831727
284,-55.589095874576714
285,-55.63610722193279
286,-55.3159778618763
287,-53.931796956211016
288,-54.083259566658
289,-55.3892261402027
290,-55.530894701793144
291,-55.54436868359679
292,-55.47458052604301
293,-55.385227714433796
294,-55.47173612010884
295,-55.64716207242809
296,-55.51691765770424
297,-55.60835097272492
298,-55.51444343006722
299,-55.335444674250255
300,-55.65806981967425
301,-54.81760113841008
302,-55.06048808528428
303,-55.3538296726267
304,-55.33440394262928
305,-55.538242458837146
306,-55.317063975872685
307,-54.9877077451232
308,-55.488455707777206
309,-55.57348081365503
310,-55.62678869353183
311,-55.411631722151085
312,-55.44072103072983
313,-55.515278889244556
314,-55.6893926056338
315,-55.68065981113956
316,-55.51205191841164
317,-55.46258738189479
318,-55.59865575523493
319,-55.557745866317674
320,-55.68965462206333
321,-55.52477906050956
322,-55.583996815286625
323,-55.67105294585987
324,-55.65241242038216
325,-55.6119546178344
326,-55.65028636565836
327,-55.705337283934924
328,-55.67240523322319
329,-55.68025943695984
330,-55.66166155630401
331,-55.24401074589127
332,-55.591373656763594
333,-55.728567477876105
334,-55.77578618836915
335,-55.7312756795196
336,-55.46908232129373
337,-55.01702900830607
338,-55.396156478102185
339,-55.47724680656934
340,-55.75508510571356
341,-55.66254863202811
342,-55.52100982053213
343,-55.62317629894578
344,-55.50921263177711
345,-55.248546922063255
346,-55.576265625
347,-55.7878671875
348,-55.7363828125
349,-55.743121093750005
350,-55.776804687500004
351,-55.614857353855726
352,-55.54357509328358
353,-55.6021241449005
354,-55.57478622512438
355,-55.51407610385572
356,-55.52523650744417
357,-55.535596308933
358,-55.46504730148884
359,-55.36951574131514
360,-55.74595804900744
361,-55.66697914089559
362,-55.28774817540821
363,-52.2907517936665
364,-55.2739439015339
365,-55.67592621227115
366,-55.6441603729963
367,-55.63850955610357
368,-55.744279824291
369,-55.80069358816276
370,-55.7945322133169
371,-55.764684819240195
372,-55.703785615808826
373,-55.70746017156863
374,-55.70622893688726
375,-55.74652458639706
376,-55.71317673942284
377,-55.75866654438738
378,-55.71462880594277
379,-55.75953969491319
380,-55.808888939838596
381,-55.74837548697346
382,-55.473965942293646
383,-55.12765362490869
384,-55.41713081324568
385,-55.62146754017532
386,-55.33207952204991
387,-55.44637259207657
388,-55.56767552095953
389,-55.721627392779254
390,-55.73593295674824
391,-55.630364143546444
392,-55.5848330066345
393,-55.72471539505428
394,-55.78043765078408
395,-55.82202012967431
396,-55.77629550240674
397,-55.70308927496991
398,-55.611949082430804
399,-55.75539635980746
400,-55.69193366425993
401,-55.48385666167665
402,-55.0904247754491
403,-54.99768525449102
404,-55.684674401197604
405,-55.79248315868263
406,-55.79196652532251
407,-55.82028077221692
408,-55.81145298315815
409,-55.80061701206402
410,-55.74041447682752
411,-55.6599589834445
412,-54.53667669128156
413,-54.943797641734164
414,-55.46720536565031
415,-55.68972576226774
416,-55.55344839082504
417,-55.643477358937886
418,-55.744932432432435
419,-55.65225114094358
420,-55.6039870050972
421,-55.55533377156701
422,-55.118232613448356
423,-55.61699731151028
424,-55.59466770562515
425,-55.57493241845899
426,-55.664286711950126
427,-55.68577614090802
428,-55.44911123853211
429,-55.53801679016702
430,-55.69193278052224
431,-55.70813226061958
432,-55.61749002581554
433,-55.50637504400376
434,-55.52635274876789
435,-55.65313306735508
436,-55.65324716175093
437,-55.67530394136236
438,-55.57896440484551
439,-55.731640990753746
440,-55.80933257256554
441,-55.74466200619448
442,-55.70730152816737
443,-55.438080732819074
444,-55.63084933087892
445,-55.7997476186302
446,-55.606152207422056
447,-55.71616340449046
448,-55.79559715274546
449,-55.6353172987436
450,-55.655757401698466
451,-55.48584290187891
452,-55.61820234574345
453,-55.845139976223614
454,-55.843353122825334
455,-55.85471939515193
456,-55.78972123291638
457,-55.74841107829511
458,-55.78545937572388
459,-55.79827209288858
460,-55.736564744035206
461,-55.68894033368032
462,-55.064914411288456
463,-55.48498221721027
464,-55.68488860455702
465,-55.75670469003008
466,-55.78152772968606
467,-55.69186432363804
468,-55.73954005078485
469,-55.760321084372116
470,-55.590772521352726
471,-55.65101350379659
472,-55.69526935687989
473,-55.73974991371376
474,-55.726815965830646
475,-55.80530228946158
476,-55.7501792268869
477,-54.106324558384955
478,-54.30848352546455
479,-55.174789229181
480,-55.47795867744895
481,-55.085282741493494
482,-55.45983136846312
483,-55.57147036994748
484,-55.6963383477963
485,-55.802116636218315
486,-55.65576572470374
487,-55.76593301333182
488,-55.73308775353236
489,-55.7223144086144
490,-55.68512313411577
491,-55.73400196111869
492,-55.74875476068668
493,-55.64508370281946
494,-55.758480417235106
495,-55.79505599135971
496,-55.76378082482994
497,-55.768627763605444
498,-55.69168969671202
499,-55.56163548752835
500,-55.26297654478458
501,-55.727382264812306
502,-55.846506105834465
503,-55.84721633310719
504,-55.81759702905925
505,-55.86033610357305
506,-55.73676938006301
507,-55.72688948582358
508,-55.76376680636814
509,-55.78587175123762
510,-55.80560692788029
511,-55.76045643386481
512,-55.70617245396362
513,-55.68517186447339
514,-55.639639007410736
515,-55.73456974230856
516,-55.71867315001118
517,-55.59441719763022
518,-53.566789626648784
519,-54.59636639280125
520,-55.46919712720769
521,-55.58738393653803
522,-55.08750941055097
523,-55.36135644378764
524,-55.68862578072719
525,-55.72437541824671
526,-55.59830149432324
527,-55.698999610418525
528,-55.68359375
529,-55.20996702471059
530,-55.26208920024488
531,-55.4687985787253
532,-55.73686639462581
533,-55.71107109149456
534,-55.81084311847657
535,-55.790872057517205
536,-55.7560459848149
537,-55.72539175072046
538,-55.683753948681
539,-55.76286438705387
540,-55.867585831855465
541,-55.672479415340405
542,-55.79648472038019
543,-55.77908446618037
544,-55.78868085488506
545,-55.76185690207781
546,-55.78572783325977
547,-54.40725867634076
548,-55.19273994427279
549,-55.43750517269918
550,-55.67871503255352
551,-55.58848774779736
552,-55.693490156938324
553,-55.68374001927313
554,-55.74943041024229
555,-55.80119252477974
556,-55.74161941179702
557,-55.70326230228471
558,-55.73889224516696
559,-55.732784009775926
560,-55.81921923055799
561,-55.74055861257118
562,-55.727524091108194
563,-55.70555806504599
564,-55.775102318769164
565,-55.613265850854134
566,-55.7607187226955
567,-55.80922346002621
568,-55.79635962756662
569,-55.657922400611625
570,-55.77221391710354
571,-55.68777433206107
572,-55.70216057797165
573,-55.75368559160305
574,-55.794516766630316
575,-55.840413713195204
576,-55.78504571179799
577,-55.75821383870266
578,-55.796164154331734
579,-55.827458369612536
580,-55.81297616456247
581,-55.713474400369
582,-55.72362708921207
583,-55.80292557521163
584,-55.84295297916215
585,-55.87665000271326
586,-55.79193989811402
587,-55.59680353078257
588,-55.507389104162144
589,-55.74797447431173
590,-55.784181592781266
591,-52.54558670574886
592,-53.91150786146531
593,-54.470654581802464
594,-54.91313553598444
595,-55.060718675707804
596,-55.28326797649849
597,-54.801940154700304
598,-54.55673748113411
599,-54.9677544873868
600,-55.37369791666667
601,-55.44832157258064
602,-55.21030241935484
603,-55.59180275537634
604,-55.68425235215054
605,-55.72496975806452
606,-55.57300490564015
607,-55.650488218421614
608,-55.67836223997426
609,-55.74901987722497
610,-55.658851932768606
611,-55.625257573324774
612,-55.66769528741169
613,-55.73833895311496
614,-55.72131569792336
615,-55.72354855758938
616,-55.62398380766766
617,-55.66362865762495
618,-55.74635906129859
619,-55.6901614561085
620,-55.54142360369501
621,-55.365421615360034
622,-55.63878089049851
623,-55.7867057680017
624,-55.795734914252236
625,-55.83261876864081
626,-54.971293951527365
627,-55.35655427980484
628,-55.57676933071701
629,-55.71912123462028
630,-55.73861436677981
631,-55.74937302006336
632,-55.74224194825766
633,-55.76202811510032
634,-55.81974656810982
635,-55.796337117212246
636,-55.735011073613165
637,-55.7558861527104
638,-55.7323349504324
639,-55.822387154608734
640,-55.819984576038806
641,-55.677938236531986
642,-55.71478456439394
643,-55.65142308501683
644,-55.77457846696128
645,-55.79987044928451
646,-55.708009453781514
647,-55.53965007878151
648,-55.66800157563025
649,-55.68906578256303
650,-55.71448266806723
651,-55.66923918168483
652,-55.76602446563285
653,-55.77891869237217
654,-55.848235802598495
655,-55.668139014040236
656,-55.69609489337236
657,-55.78345834204474
658,-55.8322052059377
659,-55.80582597219318
660,-55.8397416631821
661,-55.79846905579846
662,-55.7603125650635
663,-55.790885904642934
664,-55.78940245679783
665,-55.63723519154695
666,-55.14206580996885
667,-55.586010514018696
668,-55.81228258047767
669,-55.8131360332295
670,-55.848062694704055
671,-55.80429727979275
672,-55.83283031088083
673,-55.859954663212434
674,-55.871797279792744
675,-55.849630829015545
676,-55.845007629836545
677,-55.803234274777566
678,-55.68892574487896
679,-55.72580759879992
680,-55.787897010138636
681,-55.7977778064383
682,-55.76422887432935
683,-55.80241436236071
684,-55.749764625464294
685,-55.47627231221626
686,-55.53617761263115
687,-55.70148889117466
688,-55.77712276280601
689,-55.76365138346019
690,-55.803840516354654
691,-55.7973109868691
692,-55.73761925523184
693,-55.67774158801805
694,-55.58807575913008
695,-55.71031878334017
696,-55.686643485375335
697,-55.7929791368378
698,-55.77256979955001
699,-55.81679216097362
700,-55.65215918388218
701,-55.765663280930994
702,-55.79712382605145
703,-55.68105285320539
704,-55.70020288893426
705,-55.77825451714986
706,-55.590677847392016
707,-55.74941103810106
708,-55.75901907599837
709,-55.76800631621842
710,-55.73717654849226
711,-55.798719772403985
712,-55.79820222007722
713,-55.81959332452753
714,-55.776182432432435
715,-55.87491744564113
716,-55.792404381965554
717,-55.822001646403244
718,-55.685385005065854
719,-55.61054331306991
720,-55.81789513677811
721,-55.79948706286638
722,-55.781916439256115
723,-55.76417209925207
724,-54.785381291691934
725,-54.98251465534668
726,-55.588816784274194
727,-55.74019027217742
728,-55.78897114415322
729,-55.83213835685484
730,-55.87812815020162
731,-55.82421796482412
732,-55.79865577889447
733,-55.852352386934676
734,-55.791868718592966
735,-55.84308731155779
736,-55.82038923130888
737,-55.80200503607937
738,-55.81647436861094
739,-55.831939642212866
740,-55.76918282721988
741,-55.33276967893579
742,-55.62810062012403
743,-55.76398404680936
744,-55.76380901180236
745,-55.82359596919384
746,-55.84043787425149
747,-55.83749064371258
748,-55.84671594311378
749,-55.842458832335325
750,-55.836371007984035
751,-55.854552699740985
752,-55.85729228930066
753,-55.824862397888026
754,-55.85550221657701
755,-55.854577605100616
756,-55.88634613473768
757,-55.8958633495628
758,-55.90188419117647
759,-55.88779001887917
760,-55.75003105127186
761,-55.805338412824064
762,-55.411868568177326
763,-55.69074683356422
764,-55.75332413912527
765,-55.7168853898674
766,-55.74924126529807
767,-55.87565695321753
768,-55.87463296979866
769,-55.891735343466245
770,-55.87995028128701
771,-55.65095959720307
772,-55.799829500689384
773,-55.84029077210951
774,-55.750840186133544
775,-55.683776098089425
776,-55.76533024661033
777,-55.760420760463745
778,-55.73837873354294
779,-55.86395902927883
780,-55.89343436824524
781,-54.7291544333529
782,-55.49263554511646
783,-55.37980157565081
784,-55.39038645038168
785,-55.85748495302407
786,-55.84411571094207
787,-55.750618661010336
788,-55.73610907938365
789,-55.84288753169495
790,-55.85565389116442
791,-55.793202106440944
792,-55.720653337225144
793,-55.78598401926445
794,-55.8727530891224
795,-55.82930774469742
796,-55.6612398018648
797,-55.75600658022533
798,-55.64659212315462
799,-55.517452165889665
800,-46.615612252331005
801,-51.648803829199764
802,-54.54397161402829
803,-55.08041985564813
804,-55.502276690563846
805,-55.234035918426656
806,-55.46597524154589
807,-55.62365036231884
808,-55.705190217391305
809,-55.82492753623188
810,-55.81087560386473
811,-55.775503565921355
812,-55.79200498747109
813,-55.793462678296066
814,-55.8362567463377
815,-55.853517130878956
816,-55.80118202598653
817,-55.80013233878729
818,-55.81094802694899
819,-55.84323869104908
820,-55.85794935033687
821,-55.81702168489733
822,-55.80124376319324
823,-55.8231025714834
824,-55.84389692477451
825,-55.799999400307044
826,-55.78193520202987
827,-55.841075019149756
828,-55.85422551225584
829,-55.86271722998851
830,-55.881361307927996
831,-55.814532593123204
832,-55.863004417382996
833,-55.8754626313276
834,-55.84392908309456
835,-55.68110076408787
836,-55.8248192541857
837,-55.67356354642314
838,-55.80994042522831
839,-55.74915869958143
840,-55.75222067636986
841,-55.673022632378064
842,-55.6807268931486
843,-55.76794398842286
844,-55.817917892389445
845,-55.663743713228314
846,-55.722045390003785
847,-55.677332804808785
848,-55.676297448883
849,-55.70438517606967
850,-55.66730760128739
851,-55.75475389518414
852,-55.842531279508975
853,-55.883501534466475
854,-55.88613373465533
855,-55.91241737488197
856,-55.83806764650461
857,-55.745103754475224
858,-55.756297696438665
859,-55.817620006595064
860,-55.803122644620316
861,-55.751304531778864
862,-55.82557469913501
863,-55.826996756299366
864,-55.793687123918765
865,-55.84979668108311
866,-55.80636202608859
867,-55.86461852477477
868,-55.856603673986484
869,-55.76168355855856
870,-55.56239149305556
871,-55.46457884507306
872,-55.74002435369052
873,-55.75024002435369
874,-55.79303168321469
875,-55.868466654177595
876,-55.80708652230726
877,-55.87081738846369
878,-55.89718767500467
879,-55.918328238753034
880,-55.913556444838534
881,-55.89663685485374
882,-55.881815376374135
883,-55.866044810881306
884,-55.91481798490777
885,-55.92624196478479
886,-55.8085261627907
887,-55.673313953488375
888,-55.76089244186046
889,-55.862139534883724
890,-55.91053197674418
891,-55.867099001857014
892,-55.9073874187558
893,-55.835947655524606
894,-55.861789113277624
895,-55.68236130454967
896,-55.663671730270465
897,-55.697605015746575
898,-55.8510848925528
899,-55.82350523341978
900,-55.64161205539088
901,-55.757767807713606
902,-55.81272490311866
903,-55.900437119394724
904,-55.81427039121609
905,-55.79937488466507
906,-55.60893753453675
907,-55.794186889850806
908,-54.62525614754098
909,-55.549436475409834
910,-55.727648968502486
911,-55.799201395263445
912,-55.87018370203782
913,-55.88754991279603
914,-55.90340152836424
915,-55.9079998164127
916,-54.511351153423654
917,-55.39720168894178
918,-55.79359094653973
919,-55.84459962010253
920,-55.8688896008788
921,-55.8022917808845
922,-55.6686797560307
923,-55.66302311769006
924,-55.596831026133046
925,-55.65907118055556
926,-55.7361651867031
927,-55.80091643897996
928,-55.84802197176685
929,-55.84426229508196
930,-55.761703096539165
931,-55.81988186738221
932,-55.85347405402947
933,-55.8127671911952
934,-55.852948199017646
935,-55.874150104602506
936,-55.81205478675136
937,-55.8017638384755
938,-55.78832520417423
939,-55.72522686025408
940,-55.828493647912886
941,-55.88411340369632
942,-55.8915960771879
943,-55.90716162348251
944,-55.91962708371082
945,-55.899953569487224
946,-55.86027682286955
947,-55.827062036366925
948,-55.80092613533562
949,-55.891885855798805
950,-55.89185758548942
951,-55.88819770592485
952,-55.86409975614162
953,-55.80821554371387
954,-55.89023832640896
955,-55.6627246658237
956,-55.71840684068407
957,-55.62347265976598
958,-55.43833258325833
959,-55.714232673267325
960,-55.76051136363637
961,-55.76164782940859
962,-55.839916074959554
963,-55.83612147222721
964,-55.89837992090598
965,-55.87921029570376
966,-55.862843178968106
967,-55.73630363221068
968,-55.71303688194196
969,-55.845432304729485
970,-55.86093414098889
971,-55.78358271500089
972,-55.798892030216344
973,-55.825169296441985
974,-55.82938215179689
975,-55.87980511353477
976,-55.809803341959665
977,-55.83641854809923
978,-55.84863577547742
979,-55.82239146439407
980,-55.82496542031055
981,-55.83700953163882
982,-55.81168903306079
983,-55.85902506221116
984,-55.873489157483114
985,-55.87065910504799
986,-55.88539727393617
987,-55.889575022163115
988,-55.85244348404255
989,-55.76836491578014
990,-55.68718417553191
991,-55.636643350451564
992,-55.744399681246676
993,-55.82988755091199
994,-55.88392066584027
995,-55.899465424119
996,-55.86639768911276
997,-55.83740113556027
998,-55.788543323612586
999,-55.801144397313536
1000,-55.72989296129374
1001,-55.84255592569714
1002,-55.878215451817866
1003,-55.77756298535122
1004,-55.85835190169432
1005,-55.91296494440522
1006,-55.91069974022543
1007,-55.924453482740404
1008,-55.91160234677703
1009,-55.88182183427263
1010,-55.86198925678056
1011,-55.822012302284705
1012,-55.81223912565905
1013,-55.82456887082601
1014,-55.796364235500874
1015,-55.835544815465724
1016,-55.85075903825904
1017,-55.80607504826254
1018,-55.797086148648646
1019,-55.81637471481221
1020,-55.77828295015795
1021,-55.798680409663866
1022,-55.861667323179276
1023,-55.81089975052521
1024,-55.4861503195028
1025,-55.90940673144258
1026,-55.90694395873405
1027,-55.88549134464067
1028,-55.863667162091275
1029,-55.8999989071516
1030,-55.91730689368771
1031,-55.88351578855548
1032,-55.82795599267271
1033,-55.52278327808793
1034,-55.62971584961619
1035,-55.83215391660851
1036,-55.86641686998954
1037,-55.912371470895785
1038,-55.928600993377486
1039,-55.93019126873475
1040,-55.93607310909725
1041,-55.88149209657808
1042,-55.8829631318395
1043,-55.88977006253257
1044,-55.88073486624978
1045,-55.93394997394476
1046,-55.898379349143156
1047,-55.88063657607755
1048,-55.661499805262245
1049,-55.32079258265536
1050,-55.29615014280769
1051,-55.822763692121626
1052,-55.01470445317899
1053,-55.73323848911541
1054,-55.820293603144435
1055,-55.86037383379406
1056,-55.65488392395241
1057,-55.654757285738924
1058,-55.86793520434558
1059,-55.829698547163304
1060,-55.79453354026556
1061,-55.882268191983485
1062,-55.834304575950455
1063,-55.89063843970411
1064,-55.930790899707546
1065,-55.92316789953553
1066,-55.904202881486555
1067,-55.92224963606782
1068,-55.90766558914198
1069,-55.863177556088374
1070,-55.86799965747559
1071,-55.80061420201847
1072,-55.724191755046185
1073,-55.84901535237769
1074,-55.884274503934314
1075,-55.86673045672255
1076,-55.89586889723455
1077,-55.911653934790024
1078,-55.91196067343803
1079,-55.8760135711847
1080,-55.912808872482074
1081,-55.89574454483464
1082,-54.97085695107398
1083,-55.624475259972726
1084,-55.77766205676782
1085,-55.807463028469144
1086,-55.80874797906739
1087,-55.86315627127297
1088,-55.899463921034716
1089,-55.90004626872022
1090,-55.91219313733833
1091,-55.8651740237691
1092,-55.85629244482173
1093,-55.849604732597626
1094,-55.80547007640068
1095,-55.90563720288625
1096,-55.830008264112564
1097,-55.778307234276994
1098,-55.85948359891507
1099,-55.83825383539583
1100,-55.84765956094253
1101,-55.78984705757833
1102,-55.759253281117694
1103,-55.78828588060965
1104,-55.86640029635902
1105,-55.863838907705336
1106,-55.80909143714092
1107,-55.714771143122675
1108,-55.84544504055424
1109,-55.91400177424806
1110,-55.93005977526191
1111,-55.90520535112832
1112,-55.92326435668575
1113,-55.93396345570899
1114,-55.9439520882452
1115,-55.93586855843718
1116,-55.906944852324216
1117,-55.93264127789898
1118,-55.90526934049337
1119,-55.87033269004867
1120,-55.8871428721262
1121,-55.83591392893061
1122,-55.81833253017097
1123,-55.778877179014415
1124,-55.89673776399597
1125,-55.90565024723433
1126,-55.895456018905804
1127,-55.88628283419776
1128,-55.90273914589259
1129,-55.90317571524176
1130,-55.92012349422787
1131,-55.87889126355296
1132,-55.89097685571309
1133,-55.68792743953294
1134,-55.67650125104254
1135,-55.75394078398665
1136,-55.78053304239401
1137,-55.81909808811305
1138,-55.81752909393184
1139,-55.71983063175395
1140,-55.84515014546966
1141,-55.70784648431014
1142,-55.34379150755437
1143,-55.66517671841275
1144,-55.839350199236264
1145,-55.87346681471028
1146,-55.8051394414056
1147,-55.882207753190784
1148,-55.90685604177026
1149,-55.88909176611968
1150,-55.94010287170562
1151,-55.931601187520684
1152,-55.93671125041377
1153,-55.940608449189014
1154,-55.924900695134056
1155,-55.90053221201589
1156,-55.84640485813263
1157,-55.90223935994721
1158,-55.93545086192675
1159,-55.93427292972616
1160,-55.92154507588255
1161,-55.91906543306438
1162,-55.909805697348915
1163,-55.941184340523634
1164,-55.925726576650746
1165,-55.910250802733415
1166,-55.82771462573868
1167,-55.772739863755746
1168,-55.77538164806303
1169,-55.80893743844386
1170,-55.870506401838476
1171,-55.757783105676424
1172,-55.632921131195815
1173,-55.604863610338626
1174,-55.77961158596433
1175,-55.89481944217242
1176,-55.92995118620577
1177,-55.929301524539376
1178,-55.93897256644382
1179,-55.945599115441055
1180,-55.94038653595304
1181,-55.85008700341908
1182,-55.721105706610224
1183,-55.78684925512862
1184,-55.86786419325952
1185,-55.95172582220775
1186,-55.943120832655715
1187,-55.92822257684176
1188,-55.90954067734591
1189,-55.930578142787446
1190,-55.89737660595219
1191,-55.931612723214286
1192,-55.924284699675326
1193,-55.946453936688314
1194,-55.83841314935065
1195,-55.915097402597404
1196,-55.90086704324587
1197,-55.677058025591194
1198,-55.746732770489146
1199,-55.83988044622611
1200,-55.878687338030446
1201,-55.91283785148675
1202,-55.90591164350356
1203,-55.933500323206204
1204,-55.89504888493859
1205,-55.91446145765998
1206,-55.92516712306701
1207,-55.890071278994846
1208,-55.82460635470361
1209,-55.8725963474549
1210,-55.84917646585052
1211,-55.860003014469456
1212,-55.88217192524115
1213,-55.87585661173633
1214,-55.74480004019293
1215,-55.86853647508039
1216,-55.902779447115385
1217,-55.886273036858974
1218,-55.92733874198718
1219,-55.942821013621796
1220,-55.93282502003205
1221,-55.887821345754034
1222,-55.762923796577645
1223,-55.73325803614266
1224,-55.793656544858464
1225,-55.59700593715017
1226,-55.675188108733835
1227,-55.87439875059876
1228,-55.95015866996647
1229,-55.95411793469583
1230,-55.964987825323334
1231,-55.94801050302934
1232,-55.93985670440051
1233,-55.91875099649235
1234,-55.93216627471301
1235,-55.94781120455995
1236,-55.9419827654832
1237,-55.94430126572202
1238,-55.95106521652603
1239,-55.95464744865467
1240,-55.95006268906225
1241,-55.933939716171096
1242,-55.86340485371284
1243,-55.858808534743204
1244,-55.902689716171096
1245,-55.88266218794721
1246,-55.899630835185775
1247,-55.725093779771356
1248,-55.45495097650048
1249,-55.02386670371546
1250,-55.75264716973642
1251,-55.753945207376916
1252,-55.82232220595219
1253,-55.88531690280196
1254,-55.891206268798484
1255,-55.909529840113976
1256,-55.889341226892086
1257,-55.87906610443988
1258,-55.82229370753674
1259,-55.925030119292146
1260,-55.79669724680045
1261,-55.90986637387742
1262,-55.95749714432015
1263,-55.955636028832515
1264,-55.95353365763353
1265,-55.95380445486056
1266,-55.92595877889605
1267,-55.87174919405567
1268,-55.93416810819311
1269,-55.94209240839754
1270,-55.923816146406665
1271,-55.91390421313021
1272,-55.93565945500235
1273,-55.919339956023244
1274,-55.941048570755456
1275,-55.950072149363905
1276,-55.94405226132622
1277,-55.936064626116945
1278,-55.85905167345979
1279,-55.840342824110365
1280,-55.88237282489419
1281,-55.91329628108869
1282,-55.9373655756296
1283,-55.929625175973726
1284,-55.91971687783513
1285,-55.94982793680588
1286,-55.890393283640336
1287,-55.67152376678114
1288,-55.88290762566344
1289,-55.845242741180144
1290,-55.77823524820481
1291,-55.78800346681209
1292,-55.88160982782799
1293,-55.89513867248364
1294,-55.93285486132751
1295,-55.9154818479277
1296,-55.90637133095201
1297,-55.912047192887094
1298,-55.86504843531604
1299,-55.85354140782731
1300,-55.918980043485014
1301,-55.94051934708437
1302,-55.94281172456576
1303,-55.94870017834988
1304,-55.936971735421835
1305,-55.947100845223325
1306,-55.9171246130031
1307,-55.91017801857585
1308,-55.91547261996904
1309,-55.61613293343653
1310,-55.77732681888545
1311,-55.697115570412734
1312,-55.8034641173288
1313,-55.8327141946205
1314,-55.90688041041892
1315,-55.94229208533004
1316,-55.86506668854231
1317,-55.83984616275478
1318,-55.879263337708466
1319,-55.8900917811921
1320,-55.69099849444101
1321,-55.85197444495837
1322,-55.890205827937095
1323,-55.95041242676534
1324,-55.95155912735122
1325,-55.946362839192105
1326,-55.90938510548198
1327,-55.8838952302125
1328,-55.86632372189713
1329,-55.89162351786264
1330,-55.934831671542966
1331,-55.930156249999996
1332,-55.91418269230769
1333,-55.938555288461544
1334,-55.946151442307695
1335,-55.94006009615384
1336,-55.834104406130265
1337,-55.869066091954025
1338,-55.894944923371646
1339,-55.89709530651341
1340,-55.92561781609196
1341,-55.9190106159143
1342,-55.924155986993114
1343,-55.87237949502678
1344,-55.84271949120122
1345,-55.87771375286917
1346,-55.77492707062233
1347,-55.8036817419158
1348,-55.79177232687614
1349,-55.86534043242831
1350,-55.88204745652837
1351,-55.855907273419646
1352,-55.90985100913937
1353,-55.924721534653465
1354,-55.945720677837016
1355,-55.90345820639756
1356,-55.83003564638783
1357,-55.920384980988594
1358,-55.913951996197724
1359,-55.908303231939165
1360,-55.9278897338403
1361,-55.92046554669704
1362,-55.90326499620349
1363,-55.85584662110858
1364,-55.78595292331056
1365,-53.77908599088838
1366,-55.520633529188785
1367,-55.78801648976497
1368,-55.86542598559515
1369,-55.89449393479909
1370,-55.91730951478392
1371,-55.82150423728814
1372,-55.87522463302058
1373,-55.78342302890436
1374,-55.81602555614407
1375,-55.89435154358354
1376,-55.911387535870716
1377,-55.90431250943966
1378,-55.90577093716961
1379,-55.91766255097417
1380,-55.85675313396768
1381,-55.88113141846108
1382,-55.91554359283241
1383,-55.930448633488936
1384,-55.9404598328565
1385,-55.933674333684685
1386,-55.93096804511278
1387,-55.87093045112782
1388,-55.887232142857144
1389,-55.88081766917293
1390,-55.92808505639098
1391,-55.92497136042668
1392,-55.913116455078125
1393,-55.875737116887024
1394,-55.44169734074519
1395,-55.601715087890625
1396,-55.67247055072029
1397,-55.806774272208884
1398,-55.8406081182473
1399,-55.86217221263506
1400,-55.89742225015006
1401,-55.87173591338228
1402,-55.90857279334632
1403,-55.91775859808182
1404,-55.9412113179979
1405,-55.9412206841001
1406,-55.92480804438799
1407,-55.92468427738754
1408,-55.93467904648035
1409,-55.91701072335974
1410,-55.85611735913914
1411,-55.84762417898194
1412,-55.837734643230334
1413,-55.905692547395134
1414,-55.89991509926855
1415,-55.93026944320048
1416,-55.92118412237606
1417,-55.89571469778175
1418,-55.875490825517346
1419,-55.921721471639124
1420,-55.92513631457496
1421,-55.89358748142645
1422,-55.9392691307578
1423,-55.929429791976226
1424,-55.89910382615156
1425,-55.94335531203566
1426,-55.94435347706694
1427,-55.92399714264509
1428,-55.93985870936619
1429,-55.89414798871901
1430,-55.85074495324328
1431,-55.858478768341485
1432,-55.88804283385208
1433,-55.91636097524825
1434,-55.946119571661484
1435,-55.947560026678524
1436,-55.83714892830747
1437,-55.832127679231334
1438,-55.46025267923134
1439,-55.78874491869919
1440,-55.91251154841093
1441,-55.89338791512915
1442,-55.91549815498155
1443,-55.9098639298893
1444,-55.92737084870849
1445,-55.93366236162362
1446,-55.86235634300869
1447,-55.788884079858555
1448,-55.75133066892589
1449,-55.89984299027553
1450,-55.94509724473258
1451,-55.826647952807996
1452,-55.816963301234935
1453,-55.871758765804174
1454,-55.85422715745369
1455,-55.890935110996764
1456,-55.84654919236417
1457,-55.888103432452276
1458,-55.91102698237886
1459,-55.886171530837004
1460,-55.863842235682824
1461,-55.854791544441184
1462,-55.813143975506016
1463,-55.854085692285125
1464,-55.90040380243473
1465,-55.897727064388384
1466,-55.856265558646946
1467,-55.85824928613267
1468,-55.85573931029434
1469,-55.888483398008496
1470,-55.90918555059306
1471,-55.886825989339954
1472,-55.874094169830606
1473,-55.7527425890771
1474,-55.805835189106304
1475,-55.856778438960276
1476,-55.89554782038198
1477,-55.90525905744278
1478,-55.90428178305875
1479,-55.893841576760465
1480,-55.923565297419444
1481,-55.92295274301513
1482,-55.93226135040745
1483,-55.94398237412689
1484,-55.94194284778813
1485,-55.9516516298021
1486,-55.87961214410227
1487,-55.89890279997095
1488,-55.90169686955258
1489,-55.8995837267577
1490,-55.93369588901801
1491,-55.7180372013034
1492,-55.74222257422158
1493,-55.88735291455467
1494,-55.91220809196234
1495,-55.83896406589428
1496,-55.85563313449023
1497,-55.82349060014461
1498,-55.68443374909617
1499,-55.091594360086766
1500,-54.1279284164859
1501,-55.24728231452079
1502,-55.699426241339495
1503,-55.80268475750577
1504,-55.79959945150115
1505,-55.863651125866056
1506,-55.79468308463091
1507,-55.859845822520185
1508,-55.893600868656286
1509,-55.89385092272203
1510,-55.89907502523068
1511,-55.87298111510792
1512,-55.890672212230214
1513,-55.89801933453238
1514,-55.87240332733813
1515,-55.915301258992805
1516,-55.91195568279724
1517,-55.92807429279149
1518,-55.92616267590465
1519,-55.93635572228604
1520,-55.92517321223435
1521,-55.86789894951957
1522,-55.81083733687079
1523,-55.898369156030405
1524,-55.92543336799082
1525,-55.858902194177546
1526,-55.82981836077309
1527,-55.89247047244095
1528,-55.92172959914102
1529,-55.92487025769506
1530,-55.92132023979957
1531,-55.911662173260964
1532,-55.90544431152692
1533,-55.924733966576206
1534,-55.917913512355376
1535,-55.9315700435652
1536,-55.92499332264957
1537,-55.913557247151
1538,-55.90469417735042
1539,-55.94029335826211
1540,-55.93062232905983
1541,-55.894737427087776
1542,-55.91887848555982
1543,-55.861248932991884
1544,-55.90268219163465
1545,-55.90808836605491
1546,-55.890172294418406
1547,-55.88294897741798
1548,-55.85753310964351
1549,-55.87752094872887
1550,-55.881710694503624
1551,-55.77830760116016
1552,-55.886643587294856
1553,-55.89059405065082
1554,-55.91976160158461
1555,-55.91174793081494
1556,-55.93549340248377
1557,-55.91214630962461
1558,-55.906788032740614
1559,-55.930082204346604
1560,-55.92896203782105
1561,-55.8913934787204
1562,-55.85764427142052
1563,-55.84957634582864
1564,-55.89601095687711
1565,-55.80242830467869
1566,-55.76509969756647
1567,-55.844356625404416
1568,-55.88638741384161
1569,-55.94384099381067
1570,-55.94288929525953
1571,-55.92730634915064
1572,-55.93370726870701
1573,-55.894540572792366
1574,-55.86852230450653
1575,-55.90482416116805
1576,-55.912014073892315
1577,-55.92304928491306
1578,-55.8648367393438
1579,-55.847115114974756
1580,-55.83522767106001
1581,-55.858204874720045
1582,-55.743770996640535
1583,-55.91270209266517
1584,-55.91918043113102
1585,-55.93714130739082
1586,-55.90886144494131
1587,-55.92018498462828
1588,-55.923438373392955
1589,-55.93323347540525
1590,-55.952509257965346
1591,-55.93695083682009
1592,-55.92181180264993
1593,-55.91704802998605
1594,-55.897626830543935
1595,-55.908549076011155
1596,-55.860604030349435
1597,-55.89981553668384
1598,-55.94165042461367
1599,-55.93093066963664
1600,-55.93758701099819
1601,-55.91207001389854
1602,-55.87967121264767
1603,-55.90253214037526
1604,-55.90962908269631
1605,-55.94091817234191
1606,-55.93318427620632
1607,-55.9190173495563
1608,-55.861816677066
1609,-55.811876039933445
1610,-55.779789760122014
1611,-55.885893166089964
1612,-55.82855320069204
1613,-55.875480103806225
1614,-55.69790873702422
1615,-55.803075259515566
1616,-55.8801327563571
1617,-55.905617312741846
1618,-55.90198745854063
1619,-55.94838740326147
1620,-55.95693407960199
1621,-55.93562827767044
1622,-55.94230653118962
1623,-55.944053184515596
1624,-55.95054599089153
1625,-55.92221139249241
1626,-55.9369425024108
1627,-55.93336719933875
1628,-55.94535232125637
1629,-55.91185295839647
1630,-55.93682411489186
1631,-55.8669531679967
1632,-55.5331289556962
1633,-55.70426441249312
1634,-55.86375851334617
1635,-55.930549583791965
1636,-55.92217981522187
1637,-55.92735094106334
1638,-55.93676157439209
1639,-55.946337494848194
1640,-55.94504310344827
1641,-55.93425113153202
1642,-55.91061539912221
1643,-55.912985615827736
1644,-55.832010355232484
1645,-55.5675747496914
1646,-55.545276769820624
1647,-55.87815366972477
1648,-55.900355590168424
1649,-55.9044078632069
1650,-55.91475249897302
1651,-55.90753874778096
1652,-55.91009917383586
1653,-55.91937858459647
1654,-55.9274951351905
1655,-55.947332036050796
1656,-55.92879576912587
1657,-55.930869016773485
1658,-55.92839518273558
1659,-55.95174851697804
1660,-55.94148455611619
1661,-55.94945966643975
1662,-55.94427969707284
1663,-55.93432819945541
1664,-55.940907930565004
1665,-55.9427395336964
1666,-55.78720045887152
1667,-55.7962206832087
1668,-55.87479393269884
1669,-55.93775492861998
1670,-55.94415576138681
1671,-55.931818567549215
1672,-55.91511159198914
1673,-55.89711685336049
1674,-55.93710751866938
1675,-55.935832484725054
1676,-55.90590663998915
1677,-55.95052860485621
1678,-55.94031894329897
1679,-55.95688500406945
1680,-55.95926520957678
1681,-55.94763433392059
1682,-55.95019862108687
1683,-55.95658075281203
1684,-55.95802700230384
1685,-55.936102452906894
1686,-55.90229617726658
1687,-55.83754862990528
1688,-55.9011776894452
1689,-55.88301759133965
1690,-55.91155277401894
1691,-55.90336499527602
1692,-55.93167937643407
1693,-55.96297366378728
1694,-55.967480429207725
1695,-55.963608449183425
1696,-55.94342701455329
1697,-55.94465873871446
1698,-55.949861457350764
1699,-55.94874343080447
1700,-55.93017282037461
1701,-55.89973432875975
1702,-55.865962133440945
1703,-55.79477737422653
1704,-55.90437937180522
1705,-55.91125235404896
1706,-55.8587327904634
1707,-54.89249916051041
1708,-55.13969106783076
1709,-55.666840161182
1710,-55.79773337810611
1711,-55.81533367934637
1712,-55.831224467586395
1713,-55.878656157915884
1714,-55.87239443811947
1715,-55.90963199839271
1716,-55.869848809205244
1717,-55.864572183569706
1718,-55.92419972571581
1719,-55.926051980198025
1720,-55.93355089309607
1721,-55.93037969397301
1722,-55.9364705833222
1723,-55.93627221702526
1724,-55.93859205866631
1725,-55.893537852465585
1726,-55.87607406233316
1727,-55.87917111585691
1728,-55.91667987520022
1729,-55.94694549185798
1730,-55.95740665042712
1731,-55.94000041638907
1732,-55.88951948700866
1733,-55.9197347601599
1734,-55.9524920886076
1735,-55.953125
1736,-55.95674420926518
1737,-55.945052499334395
1738,-55.94065328807242
1739,-55.94227569222577
1740,-55.92667981230032
1741,-55.888803744683685
1742,-55.8312836423445
1743,-55.89786433413078
1744,-55.87151947102605
1745,-55.9310851109782
1746,-55.930874602227526
1747,-55.92447709493503
1748,-55.93738191129674
1749,-55.95381903009812
1750,-55.959083300185625
1751,-55.94015926672838
1752,-55.89284828749008
1753,-55.92218287159481
1754,-55.95083145993124
1755,-55.95566649034647
1756,-55.942681518151815
1757,-55.908799504950494
1758,-55.93694306930693
1759,-55.941450082508254
1760,-55.95617780528053
1761,-55.94432061634806
1762,-54.519141397495055
1763,-55.429995468029006
1764,-55.82164222148978
1765,-55.902280405405406
1766,-55.84580906068984
1767,-55.5811549664297
1768,-55.35449784426014
1769,-55.75951158504476
1770,-55.889744602422326
1771,-55.87302555884287
1772,-55.91045570348455
1773,-55.92733193622617
1774,-55.93621589414859
1775,-55.932679980276134
1776,-55.9261425216763
1777,-55.91199339858119
1778,-55.91176349842354
1779,-55.92898958880714
1780,-55.95058172950604
1781,-55.95142800995677
1782,-55.9540952934626
1783,-55.96173481920608
1784,-55.953960189309576
1785,-55.953329703262156
1786,-55.94043646119618
1787,-55.94862828818218
1788,-55.94137915521529
1789,-55.922580486847274
1790,-55.934412216987305
1791,-55.93624779382926
1792,-55.937305938684794
1793,-55.948536981958426
1794,-55.9318231958426
1795,-55.94964823833181
1796,-55.92047717774585
1797,-55.907990645814294
1798,-55.89120657568238
1799,-55.909641504505686
1800,-55.91279629750555
1801,-55.918035493022046
1802,-55.948303198773964
1803,-55.94182454023738
1804,-55.95480427481414
1805,-55.963477810747364
1806,-55.9373351621516
1807,-55.91748135907788
1808,-55.921278734696536
1809,-55.94421154597551
1810,-55.881261803203955
1811,-55.904086007535405
1812,-55.835035159802516
1813,-55.84668336689619
1814,-55.817660289723264
1815,-55.81975932181369
1816,-55.89239241471008
1817,-55.92795758204696
1818,-55.94499124400052
1819,-55.957101683097676
1820,-55.96397271046828
1821,-55.9324924796222
1822,-55.949680181782895
1823,-55.965842929227584
1824,-55.95522544960538
1825,-55.96133878897658
1826,-55.956059736944155
1827,-55.950775998578074
1828,-55.942480771716646
1829,-55.9231918950362
1830,-55.90551682070838
1831,-55.87628543523182
1832,-55.911143532868394
1833,-55.9136357032158
1834,-55.94028073744027
1835,-55.944276281802914
1836,-55.947122516769866
1837,-55.88352400993292
1838,-55.79027186532508
1839,-55.87189193111455
1840,-55.882518221104235
1841,-55.912310398686074
1842,-55.89443514105372
1843,-55.94004613229421
1844,-55.95477143179183
1845,-55.971273992013394
1846,-55.956246787870995
1847,-55.954104699344725
1848,-55.9421334960812
1849,-55.961807786200694
1850,-55.968882500321214
1851,-55.96210882390663
1852,-55.95338351288957
1853,-55.95589850262922
1854,-55.968154819161214
1855,-55.9555117352828
1856,-55.92759009729868
1857,-55.88694229292024
1858,-55.911769059659456
1859,-55.93404333632057
1860,-55.93957639866855
1861,-55.95892394847865
1862,-55.95240587445666
1863,-55.88436860777295
1864,-55.89616626182562
1865,-54.16263623433905
1866,-55.45791919272495
1867,-55.17736119974474
1868,-55.628563736439055
1869,-55.8003828972559
1870,-55.856969926611356
1871,-55.87382902115728
1872,-55.90343407468774
1873,-55.92789717690543
1874,-55.933582796966604
1875,-55.94181350369615
1876,-55.9185152768937
1877,-55.92294915658816
1878,-55.93407264481222
1879,-55.9424252068746
1880,-55.94281707511139
1881,-55.899541936816675
1882,-55.909815582888385
1883,-55.917111619628784
1884,-55.928541348843126
1885,-55.95845251716247
1886,-55.95970833333334
1887,-55.952418650793646
1888,-55.95559325396825
1889,-55.96643650793651
1890,-55.927015873015876
1891,-55.942125301090265
1892,-55.91494992393509
1893,-55.943513881845846
1894,-55.94284435218053
1895,-55.95218409292596
1896,-55.95094403103229
1897,-55.93308462634579
1898,-55.94147601329956
1899,-55.91685600063331
1900,-55.94191141545282
1901,-55.90124066928138
1902,-55.89919265561741
1903,-55.89993792699899
1904,-55.93642064144737
1905,-55.95591235450405
1906,-55.95443020978138
1907,-55.945039018071526
1908,-55.952408220649566
1909,-55.93208959939341
1910,-55.91073431378744
1911,-55.94111335521333
1912,-55.94454328136834
1913,-55.948566886518556
1914,-55.95326700959354
1915,-55.95495337351679
1916,-55.89364874873928
1917,-55.639299278240046
1918,-55.768036119515884
1919,-55.883681212178516
1920,-55.928324350731216
1921,-55.929155388392296
1922,-55.93162415019514
1923,-55.92824460216543
1924,-55.906417206974695
1925,-55.91186225292711
1926,-55.94389106312084
1927,-55.94068276122218
1928,-55.95460046523324
1929,-55.93873577580787
1930,-55.890597494656106
1931,-55.909087341454224
1932,-55.83505941542133
1933,-55.92058387228431
1934,-55.91537815521788
1935,-55.955993736657035
1936,-55.96093358003011
1937,-55.95426375125439
1938,-55.95575725978425
1939,-55.955970898143505
1940,-55.94378959169593
1941,-55.95446719258703
1942,-55.96012553218132
1943,-55.96083184635613
1944,-55.94216636927123
1945,-55.928556614700724
1946,-55.940983516827224
1947,-55.92261392781184
1948,-55.942991132866254
1949,-55.93502713311648
1950,-55.94590970223946
1951,-55.89299384451944
1952,-55.83122422197225
1953,-55.84043400824897
1954,-55.785130374328205
1955,-55.85512748406449
1956,-55.918615079860245
1957,-55.952099450960816
1958,-55.964014147117545
1959,-55.959167160593964
1960,-55.96342143436486
1961,-55.94974577986794
1962,-55.96155358477638
1963,-55.95397369814377
1964,-55.857852793696274
1965,-55.93032888999626
1966,-55.95114638995899
1967,-55.95192890207531
1968,-55.93985336150118
1969,-55.92681472909159
1970,-55.92152549086616
1971,-55.91089469443412
1972,-55.93901078467832
1973,-55.92172392153217
1974,-55.895265820627245
1975,-55.954165117143916
1976,-55.96221299046912
1977,-55.938786127614804
1978,-55.931841038494866
1979,-55.95772604901597
1980,-55.95892901349177
1981,-55.94903135818497
1982,-55.95661203325915
1983,-55.95987690096439
1984,-55.949299888724035
1985,-55.94056395276954
1986,-55.94744388353711
1987,-55.933096362850435
1988,-55.96392568235149
1989,-55.97312662097073
1990,-55.96269451648759
1991,-55.95270499383477
1992,-55.94530479346486
1993,-55.92906905055487
1994,-55.86515297472256
1995,-55.91405479346486
1996,-55.89361035024006
1997,-55.93765773113381
1998,-55.95053013049366
1999,-55.81672026960483
2000,-55.669387849316756
2001,-55.80395738671251
2002,-55.809147811003314
2003,-55.89868023148716
2004,-55.93355105612182
2005,-55.951480566130414
2006,-55.928290118916266
2007,-55.94981687507662
2008,-55.96213375015324
2009,-55.97616885803605
2010,-55.9717229067059
2011,-55.9547047123623
2012,-55.94622858017136
2013,-55.956156288249694
2014,-55.9109661872705
2015,-55.89114710832313
2016,-55.94411241292924
2017,-55.91786134363925
2018,-55.96117331663204
2019,-55.9669684864964
2020,-55.97301188439448
2021,-55.945799768094716
2022,-55.93520192542414
2023,-55.927100497375804
2024,-55.94354937141462
2025,-55.95064002807274
2026,-55.905960612891434
2027,-55.86400138601194
2028,-55.79241425003046
2029,-55.52127566406726
2030,-55.7935032594127
2031,-55.87997409444512
2032,-55.899040506867635
2033,-55.934649249422634
2034,-55.94716900145862
2035,-55.96505788865929
2036,-55.946445900048516
2037,-55.957709773774866
2038,-55.943987672852984
2039,-55.96758058891315
2040,-55.96482290150412
2041,-55.93842546329942
2042,-55.944254557291664
2043,-55.93819646317829
2044,-55.91523021136143
2045,-55.95381957061531
2046,-55.955218409915354
2047,-55.95653907194679
2048,-55.92870692261185
2049,-55.94936895405078
2050,-55.96296856106409
2051,-55.96241141435465
2052,-55.92441005729795
2053,-55.94232697527141
2054,-55.96836173100121
2055,-55.970086323884196
2056,-55.93217812838733
2057,-55.95934827773094
2058,-55.964195923160304
2059,-55.96348646573528
2060,-55.96158203360231
2061,-55.92309050739449
2062,-55.94234887880245
2063,-55.90986082722135
2064,-55.89470549777564
2065,-55.8578626608152
2066,-55.82801628478887
2067,-55.85182304162668
2068,-55.880000899712094
2069,-55.90294355806142
2070,-55.913460817538386
2071,-55.937593562874255
2072,-55.84682073353294
2073,-55.607406437125746
2074,-55.90913360778443
2075,-55.94798652694611
2076,-55.77180849473936
2077,-55.93160046030607
2078,-55.966810885939736
2079,-55.97524360353898
2080,-55.97200801052128
2081,-55.94919776119403
2082,-55.946007462686566
2083,-55.94408395522388
2084,-55.965195895522385
2085,-55.97370335820896
2086,-55.95337446383891
2087,-55.95364440605266
2088,-55.95308776659121
2089,-55.95030829262481
2090,-55.95883288156797
2091,-55.95433378957391
2092,-55.95541612116163
2093,-55.943793144489405
2094,-55.88151630564151
2095,-55.95083573851464
2096,-55.944015372264516
2097,-55.95599614950048
2098,-55.954148950404374
2099,-55.92958529079448
2100,-55.90485252140819
2101,-55.9057341152019
2102,-55.91727286223278
2103,-55.948034812945366
2104,-55.929245843230404
2105,-55.96216968527315
2106,-55.949357597748815
2107,-55.92790469490521
2108,-55.95466343305687
2109,-55.97057723637441
2110,-55.9504220971564
2111,-55.97036166311805
2112,-55.972670111781405
2113,-55.94875207002602
2114,-55.904889697184764
2115,-55.90897615034304
2116,-55.92738167296563
2117,-55.92492544584859
2118,-55.94743932325499
2119,-55.952958914019135
2120,-55.971010614739576
2121,-55.95554515158665
2122,-55.9301547569895
2123,-55.93628900259526
2124,-55.89286082930282
2125,-55.89374926271087
2126,-55.93282115090116
2127,-55.933018096949
2128,-55.943837245258564
2129,-55.95725718576982
2130,-55.96157527388385
2131,-55.96069301470588
2132,-55.96696875000001
2133,-55.95392095588235
2134,-55.97325551470588
2135,-55.93611580882353
2136,-55.884714721765675
2137,-55.80927888001878
2138,-55.9186924013853
2139,-55.95004512502935
2140,-55.95683405729045
2141,-55.93466740836163
2142,-55.8221725319124
2143,-55.527352441737904
2144,-55.893679002225085
2145,-55.943254845415154
2146,-55.936268320098094
2147,-55.949643451477286
2148,-55.948990204951535
2149,-55.9487840126124
2150,-55.95354833294407
2151,-55.94825449136724
2152,-55.95718436479235
2153,-55.946809014815685
2154,-55.96751049930005
2155,-55.957138794913675
2156,-55.951287300384664
2157,-55.80633305163772
2158,-55.87548082527101
2159,-55.93081215759412
2160,-55.94043594824572
2161,-55.962685643564356
2162,-55.96768527955737
2163,-55.965854324403026
2164,-55.949836196854974
2165,-55.954743011065815
2166,-55.94978977537244
2167,-55.96095750407356
2168,-55.94926603235568
2169,-55.95046445821695
2170,-55.901832736848235
2171,-55.916650322524404
2172,-55.94966185785681
2173,-55.93977728382148
2174,-55.95773586413296
2175,-55.946612767317525
2176,-55.92499710245711
2177,-55.955515472879
2178,-55.946685210941126
2179,-55.929406800533144
2180,-55.91591511648122
2181,-55.95593319638931
2182,-55.96967039405162
2183,-55.95672158893647
2184,-55.9448504947344
2185,-55.251468290707095
2186,-55.39568237586605
2187,-55.85645749133949
2188,-55.911567191108546
2189,-55.92532116050808
2190,-55.949296333718245
2191,-55.92157978110599
2192,-55.92501620103687
2193,-55.93467381912443
2194,-55.93734158986175
2195,-53.40692144297235
2196,-55.567960745942216
2197,-55.748454947047314
2198,-55.794461192011056
2199,-55.83996560953149
2200,-55.84925211522965
2201,-55.75314692604095
2202,-55.80101039510007
2203,-55.82778712330342
2204,-55.83048654244307
2205,-55.82737376351507
2206,-55.77680364314401
2207,-55.73568201376936
2208,-55.87405156339644
2209,-55.8977337923121
2210,-55.894759394721746
2211,-55.87469583762739
2212,-55.87002247223177
2213,-55.89007035096759
2214,-55.897785340089314
2215,-55.90000035783808
2216,-55.85905874785592
2217,-55.86603237564322
2218,-55.886944325328756
2219,-55.91606632361349
2220,-55.92326150657519
2221,-55.87950656018255
2222,-55.88191671420422
2223,-55.896803693668
2224,-55.8967894324016
2225,-55.89003672276098
2226,-55.88225770830959
2227,-55.90375121110225
2228,-55.899850749458565
2229,-55.91778931095406
2230,-55.9266428245754
2231,-55.92114891799544
2232,-55.91111724088838
2233,-55.90829121583144
2234,-55.90902797551253
2235,-55.92250320330296
2236,-55.92653069202775
2237,-55.928988257704994
2238,-55.94015481064483
2239,-55.94668521835551
2240,-55.93283897702718
2241,-55.92010951339995
2242,-55.89963164319782
2243,-55.908029681467184
2244,-55.92932907960481
2245,-55.90037864808085
2246,-55.8280204434615
2247,-55.87877289610979
2248,-55.926470171260064
2249,-55.90728847680617
2250,-55.91918488431439
2251,-55.93796924580689
2252,-55.9171223368087
2253,-55.91794927187217
2254,-55.95428483397552
2255,-55.918800997280144
2256,-55.92626400520598
2257,-55.93060349705749
2258,-55.954152402105024
2259,-55.94087044477139
2260,-55.95350519182888
2261,-55.92195272752968
2262,-55.8660489683437
2263,-55.90245195025438
2264,-55.93135952515546
2265,-55.92791478236292
2266,-55.925681542240795
2267,-55.898626327083804
2268,-55.92579977976056
2269,-55.93958945109555
2270,-55.91937436469392
2271,-55.896529109782236
2272,-55.88489365903193
2273,-55.92072203260747
2274,-55.897955333972696
2275,-55.93968958027756
2276,-55.93426335512228
2277,-55.918735207934176
2278,-53.06027238532627
2279,-54.36623570100304
2280,-55.483721683759725
2281,-55.62724672052697
2282,-55.75724510190294
2283,-55.80500506699696
2284,-55.84822760668844
2285,-55.86890552865668
2286,-55.87637785048304
2287,-55.89434782913952
2288,-55.9041718153224
2289,-55.913753580656035
2290,-55.930484371489555
2291,-55.9176684039453
2292,-55.92441612026451
2293,-55.93766812373907
2294,-55.93854902208025
2295,-55.94560146267653
2296,-55.91097716977967
2297,-55.92219655239906
2298,-55.94122406609999
2299,-55.941598045520635
2300,-55.94207513141707
2301,-55.924108638597275
2302,-55.90744011056511
2303,-55.93468701139156
2304,-55.9324411575832
2305,-55.93321420594148
2306,-55.92362679886212
2307,-55.89188176316377
2308,-55.87287169511379
2309,-55.9345332719768
2310,-55.89571131749219
2311,-55.941659122562676
2312,-55.9093958913649
2313,-55.819773676880224
2314,-55.83334435933148
2315,-55.8206319637883
2316,-55.931174518588605
2317,-55.9327432797195
2318,-55.89278509016029
2319,-55.89980799198575
2320,-55.89921666295636
2321,-55.93833910106738
2322,-55.91029783744719
2323,-55.93152205637091
2324,-55.95173171002891
2325,-55.95987255392484
2326,-55.944838962588804
2327,-55.960713740563946
2328,-55.937158289853464
2329,-55.929073462477795
2330,-55.935137516651864
2331,-55.9393290655138
2332,-55.598963529542175
2333,-55.899436038133246
2334,-55.94271006540295
2335,-55.952248572774636
2336,-55.9061428255338
2337,-55.94287082365305
2338,-55.94520964708485
2339,-55.94713360161522
2340,-55.945156059851755
2341,-55.92039898906198
2342,-55.94981217545023
2343,-55.95696953375318
2344,-55.9587804524362
2345,-55.95695399679593
2346,-55.93524347694175
2347,-55.93832744924978
2348,-55.95062024216682
2349,-55.936639797550754
2350,-55.94218543137687
2351,-55.94361255787037
2352,-55.95488522376543
2353,-55.95464237488977
2354,-55.960989169973544
2355,-55.95803192515432
2356,-55.84101278628056
2357,-55.80691202378331
2358,-55.915870678264696
2359,-55.93985871779344
2360,-55.94374174190707
2361,-55.913736120272645
2362,-55.926062967238344
2363,-55.9221103369613
2364,-55.925722845206685
2365,-55.964196143909405
2366,-55.96535735826296
2367,-55.94194127645575
2368,-55.9637021603246
2369,-55.95985545290054
2370,-55.96333205395328
2371,-55.90096975673899
2372,-55.92375835524874
2373,-55.91785489261451
2374,-55.920114918913
2375,-55.8544645792242
2376,-55.817341766090195
2377,-55.742597964098074
2378,-54.8567155346979
2379,-55.83369020906305
2380,-55.87968271125219
2381,-55.90570349218494
2382,-55.927223945239916
2383,-55.9470570554159
2384,-55.93803967646737
2385,-55.94557123729369
2386,-55.93664000218412
2387,-55.92650431363984
2388,-55.91669624331112
2389,-55.95674415747516
2390,-55.96594647537403
2391,-55.95606182502455
2392,-55.957336778662594
2393,-55.93861473219155
2394,-55.95786346405585
2395,-55.96630577069925
2396,-55.954377723311545
2397,-55.94836431100218
2398,-55.92304091775599
2399,-55.92728077342048
2400,-55.920406113834424
2401,-55.87630010060909
2402,-55.92643979769415
2403,-55.88770869588862
2404,-55.9385587747444
2405,-55.95762181857734
2406,-55.92378334510486
2407,-55.95197048516788
2408,-55.95973120178203
2409,-55.96896562262306
2410,-55.968481745083125
2411,-55.94567119830674
2412,-55.93138771301422
2413,-55.950475890046675
2414,-55.95743616357321
2415,-55.96589737327689
2416,-55.97038137658399
2417,-55.95749451695007
2418,-55.92839881403661
2419,-55.90851429654501
2420,-55.936080160836134
2421,-55.91540825849383
2422,-55.94553566598139
2423,-55.87266859175503
2424,-55.86035726844839
2425,-55.943539006708505
2426,-55.93670811270802
2427,-55.91204985681867
2428,-55.83458673276421
2429,-55.93072252539443
2430,-55.94285072671278
2431,-55.91128232293241
2432,-55.93091057546966
2433,-55.94979486072123
2434,-55.95982407957244
2435,-55.94764393489527
2436,-55.95930361760586
2437,-55.96315894030816
2438,-55.9341564755953
2439,-55.78403458679021
2440,-55.81184846729878
2441,-55.90254841312534
2442,-55.89470817643894
2443,-55.91579310112964
2444,-55.95209117805271
2445,-55.961933499193115
2446,-55.94156330627822
2447,-55.94361427649967
2448,-55.93147307030746
2449,-55.94687970328961
2450,-55.96664695764352
2451,-55.963797777539185
2452,-55.965431742538115
2453,-55.968411128408846
2454,-55.9570387991196
2455,-55.94332792033498
2456,-55.94798314651936
2457,-55.94830157942722
2458,-55.944969765633374
2459,-55.89908358361042
2460,-55.934531870106184
2461,-55.96940606255356
2462,-55.96379271101114
2463,-55.974371719687234
2464,-55.973946617930594
2465,-55.97309641441731
2466,-55.96576975021395
2467,-55.90673807231494
2468,-55.84410101091142
2469,-55.93984341570389
2470,-55.95161899604193
2471,-55.9444939998931
2472,-55.943209455847764
2473,-55.95701204030361
2474,-55.946039127645925
2475,-55.935006080286506
2476,-55.954689835575486
2477,-55.96445087283793
2478,-55.9562279788597
2479,-55.959674620969466
2480,-55.94899269965834
2481,-55.944336353944564
2482,-55.944449626865676
2483,-55.95269856076759
2484,-55.93453491471215
2485,-55.93943896588486
2486,-55.910856945036215
2487,-55.88594482317853
2488,-55.906992304005115
2489,-55.921808425649765
2490,-55.94082538879421
2491,-55.9330660803486
2492,-55.911115687108094
2493,-55.78894708523754
2494,-55.90129463811245
2495,-55.94180106812627
2496,-55.90799145525953
2497,-55.95045311007324
2498,-55.96060330644305
2499,-55.871022847893
2500,-55.87974339242119
2501,-55.92918189280797
2502,-55.96595302404406
2503,-55.953374907319144
2504,-55.9476915845779
2505,-55.9708617995975
2506,-55.963034504657074
2507,-55.94572925486875
2508,-55.94212068691786
2509,-55.90805593776461
2510,-55.97947316892464
